757 1852 10
1446566133 -47.2030002 -22.4931661
1446566145 -47.2017211 -22.4878647
1446566154 -47.2009978 -22.4849559
1447028482 -47.1963713 -22.4819117
1447028650 -47.1992901 -22.4778938
1447028653 -47.1964516 -22.4820059
1447028700 -47.2107276 -22.4836849
1447028737 -47.2042769 -22.481758
1447028835 -47.2029526 -22.5006964
1447028913 -47.1585699 -22.4726922
1447028989 -47.201181 -22.4817884
1447029012 -47.1996582 -22.4818026
1447029040 -47.204922 -22.4819204
1448081146 -47.199463 -22.4778649
1448081187 -47.2005612 -22.4819528
1448081208 -47.2001556 -22.4819591
1568115487 -47.1617599 -22.5038472
1568115536 -47.1703039 -22.4950147
1568115571 -47.1700944 -22.4948247
1568115630 -47.1976277 -22.5084382
1568115669 -47.1647452 -22.5014394
1568115689 -47.1635288 -22.5009132
1568115701 -47.1651629 -22.5013562
1568115704 -47.1520248 -22.5029452
1568115759 -47.1605734 -22.5035291
1568115760 -47.1619007 -22.5034061
1568115787 -47.1607003 -22.5031021
1568115817 -47.1638536 -22.5012491
1568115862 -47.1639367 -22.5008929
1568115867 -47.1641324 -22.5007417
1568115868 -47.1966883 -22.5091236
1940789085 -47.162236 -22.4917219
1940789086 -47.1625167 -22.4907673
1940789094 -47.1640968 -22.4890151
1940789098 -47.1614957 -22.4898348
1940789100 -47.1593647 -22.4890407
1940789107 -47.1587771 -22.4896187
1940789108 -47.1607911 -22.4904261
1940789119 -47.1600728 -22.4884185
1940789121 -47.1576369 -22.4899125
1940789127 -47.1603863 -22.4881396
1940789132 -47.1584624 -22.4901593
1940789133 -47.1634778 -22.4906514
1940789135 -47.1577695 -22.4882314
1940789139 -47.1567847 -22.4896267
1940789979 -47.15581 -22.488244
1940789980 -47.1581468 -22.4864025
1940789987 -47.1589047 -22.4871694
1940789988 -47.1588672 -22.4894635
1940789995 -47.1548598 -22.4889579
1940789996 -47.1578787 -22.4880698
1940789997 -47.1583839 -22.4887671
1940790000 -47.1594934 -22.4877853
1940790005 -47.1573719 -22.4887699
2019010960 -47.204918 -22.4817419
2019010962 -47.2105084 -22.4833832
2019010969 -47.208345 -22.4819755
2019010971 -47.2077396 -22.4828722
2019011007 -47.2082093 -22.483
2019011022 -47.2081318 -22.4830941
2019011076 -47.2080515 -22.4826962
2019011085 -47.2081861 -22.4817243
2019011099 -47.2120725 -22.491041
2019011118 -47.2086069 -22.4819157
2132552360 -47.2146799 -22.4858888
2292171995 -47.2001467 -22.4813131
2292171996 -47.2003276 -22.4821334
2292171997 -47.200489 -22.4821122
2344934577 -47.2043681 -22.4819042
2344934606 -47.2012098 -22.4858687
3420379974 -47.2007029 -22.5046041
3420379985 -47.201574 -22.502808
3420380493 -47.2014921 -22.5026711
3420380495 -47.2014862 -22.5029674
3420380498 -47.2012516 -22.5029509
3420380501 -47.2024096 -22.503145
3420380502 -47.2024347 -22.5031725
3420380505 -47.2022183 -22.5034375
3420380508 -47.2020891 -22.5032895
3420380511 -47.2024477 -22.503349
3420380516 -47.2021735 -22.5031246
3420380518 -47.2017402 -22.5029913
3420380519 -47.2019689 -22.5031186
3420380524 -47.2026431 -22.5032345
3420380535 -47.2064797 -22.4977822
3420380537 -47.2077933 -22.4961082
3420380539 -47.2086825 -22.4950545
3420380540 -47.2088192 -22.4948996
3420380541 -47.2104553 -22.4929362
3420380542 -47.2108383 -22.492461
3420380544 -47.2115799 -22.4917368
3420380545 -47.2109171 -22.4925193
3420380546 -47.2105312 -22.4929771
3420380547 -47.2088974 -22.4949559
3420380549 -47.2108926 -22.4953735
3420380550 -47.2112708 -22.4950551
3420380551 -47.2116973 -22.4947614
3420380552 -47.2122176 -22.4944281
3420380560 -47.2116679 -22.4909478
3420380564 -47.2025637 -22.5013487
3420380577 -47.2004501 -22.505135
3420380584 -47.2110107 -22.4909231
3420380586 -47.2101808 -22.4899869
3420380587 -47.2097168 -22.4894694
3420380588 -47.2093369 -22.4890207
3420380589 -47.2089337 -22.4885908
3420380591 -47.2082672 -22.4878551
3420797921 -47.2140568 -22.4905732
3420797922 -47.2136742 -22.4905511
3420797923 -47.2122049 -22.4904785
3420797924 -47.213391 -22.4898284
3420797925 -47.2122867 -22.4901254
3420797931 -47.212458 -22.490106
3420797932 -47.2129425 -22.4915413
3420797934 -47.2148348 -22.4924331
3420797935 -47.2149055 -22.4910424
3420797936 -47.2157463 -22.4908393
3420797937 -47.2165585 -22.4906692
3420797938 -47.2179965 -22.4903294
3420797940 -47.2221921 -22.4893862
3420797941 -47.2204895 -22.4886465
3420797942 -47.2204596 -22.4898095
3420797943 -47.2216438 -22.4911875
3420797944 -47.2198592 -22.4885411
3420797945 -47.2198524 -22.4911789
3420797946 -47.2192276 -22.4885573
3420797948 -47.2186321 -22.4878658
3420797949 -47.2186107 -22.4901991
3420797950 -47.218679 -22.4954069
3420797951 -47.2150365 -22.492915
3420797952 -47.2157341 -22.4921387
3420797953 -47.2186393 -22.4926993
3420797954 -47.2192495 -22.4926931
3420797955 -47.2213939 -22.4926375
3420797956 -47.2213841 -22.4927379
3420797957 -47.2192554 -22.492795
3420797958 -47.2186359 -22.4928087
3420797959 -47.2157594 -22.4928083
3420797961 -47.2180246 -22.4954596
3420797962 -47.2180157 -22.4928125
3420797963 -47.2180115 -22.4926908
3420797964 -47.2180032 -22.4911715
3420797965 -47.2179964 -22.4885411
3420797966 -47.2179964 -22.4876031
3420797967 -47.2172602 -22.4875771
3420797968 -47.2172776 -22.4885473
3420797969 -47.2165504 -22.4869816
3420797970 -47.2165734 -22.4927031
3420797971 -47.2165732 -22.4928249
3420797972 -47.2165811 -22.4945047
3420797973 -47.2126628 -22.4885362
3420797975 -47.216548 -22.4885535
3420797976 -47.2186214 -22.4885411
3420797977 -47.2202227 -22.4885356
3420797979 -47.2140576 -22.4875275
3420797980 -47.2140456 -22.4865147
3420797981 -47.2148502 -22.4860827
3420797982 -47.2148686 -22.4865149
3420797983 -47.2148676 -22.4875387
3420797984 -47.2148784 -22.4885709
3420797985 -47.2148767 -22.4895921
3420797986 -47.2140556 -22.4885696
3420797987 -47.2140552 -22.4895911
3420797988 -47.2143196 -22.4911628
3420797989 -47.2151144 -22.4931574
3420798294 -47.21576 -22.4939091
3420798295 -47.2157453 -22.4926985
3420798296 -47.2157158 -22.4895879
3420798297 -47.2157286 -22.4885573
3420798298 -47.2157125 -22.4875424
3420798299 -47.2157051 -22.486509
3420798300 -47.2093128 -22.4874904
3420798303 -47.2131094 -22.4864829
3420798304 -47.2156078 -22.4865146
3420798305 -47.2165613 -22.4911651
3420798306 -47.2186223 -22.4911653
3420798307 -47.2192296 -22.4911689
3420798308 -47.2172755 -22.4911733
3420798309 -47.2173047 -22.4926981
3420798310 -47.2173047 -22.4928106
3420798311 -47.2172887 -22.4949885
3420798312 -47.2113024 -22.4901598
3420798313 -47.2110124 -22.4895527
3420798314 -47.2107001 -22.4889617
3420798322 -47.2098425 -22.4834656
3420798324 -47.2085014 -22.4845127
3420798327 -47.2090459 -22.4840939
3420798328 -47.2100544 -22.4851719
3420798331 -47.2108912 -22.4869129
3420798332 -47.2111128 -22.48744
3420798333 -47.2113432 -22.4879897
3420798334 -47.2116184 -22.4886022
3420798335 -47.212121 -22.4865338
3420798338 -47.209742 -22.4879601
3420798339 -47.2129016 -22.4874346
3420798340 -47.2102118 -22.4884484
3420798342 -47.2034707 -22.4935952
3420798343 -47.2060369 -22.4908547
3420798344 -47.2064294 -22.491287
3420798345 -47.2077275 -22.4927357
3420798346 -47.2030761 -22.4886314
3420798349 -47.2109923 -22.4933675
3420798350 -47.2094522 -22.4952409
3420798353 -47.2078912 -22.4901681
3420798354 -47.2126407 -22.4939795
3420798355 -47.2106082 -22.4938482
3420798356 -47.2102888 -22.4942348
3420798357 -47.2099833 -22.494627
3420798358 -47.2123712 -22.4897623
3420798359 -47.2125623 -22.4889736
3420798360 -47.2127306 -22.4882022
3420798380 -47.2063865 -22.4945419
3420798381 -47.2075911 -22.4935957
3420798382 -47.2095716 -22.4920319
3420798383 -47.209958 -22.492482
3420798384 -47.2079915 -22.4940366
3420798385 -47.2103709 -22.4929317
3420798388 -47.2055201 -22.4967042
3420798390 -47.2042555 -22.4962235
3420798392 -47.2047383 -22.4958443
3420798393 -47.2059341 -22.4971634
3420798394 -47.2064944 -22.4976713
3420798395 -47.2075621 -22.495866
3420798397 -47.2037083 -22.4949912
3420798401 -47.2036312 -22.4941704
3420798405 -47.2061409 -22.4962162
3420798406 -47.2058347 -22.4949727
3420798407 -47.2053772 -22.4953401
3420798408 -47.2066352 -22.495837
3420798409 -47.2034961 -22.4913431
3420798411 -47.2046843 -22.4926426
3420798412 -47.2071657 -22.4954164
3420798413 -47.207859 -22.4961634
3420819196 -47.2135491 -22.4845174
3420819197 -47.213764 -22.4848267
3420819199 -47.2136746 -22.4849079
3420819211 -47.2133465 -22.4846863
3420819212 -47.2096427 -22.4804717
3420819219 -47.2125301 -22.4845579
3420819226 -47.2141072 -22.485131
3420819233 -47.2162718 -22.4861955
3420819239 -47.2148153 -22.4858051
3420819242 -47.2146819 -22.4842971
3420819243 -47.2147979 -22.4800033
3420819244 -47.2159767 -22.4832227
3420819247 -47.2032604 -22.4688736
3420819253 -47.2086687 -22.481728
3420819257 -47.2165423 -22.4895753
3420819258 -47.2087399 -22.4911072
3420819259 -47.2072866 -22.4922422
3420819260 -47.2066706 -22.4888352
3420819261 -47.2046765 -22.490396
3420819262 -47.2029912 -22.4917187
3420819263 -47.2031991 -22.4900534
3420819264 -47.2035799 -22.4904865
3420819265 -47.2039844 -22.4909306
3420819266 -47.2066349 -22.4874129
3420819267 -47.2058822 -22.4879607
3420819268 -47.203869 -22.4895177
3420819269 -47.2026706 -22.490443
3420819270 -47.2069959 -22.4878512
3420819271 -47.2067883 -22.4880119
3420819272 -47.2062727 -22.4884028
3420819273 -47.2042729 -22.4899489
3420819274 -47.2064016 -22.4875829
3420819275 -47.2075775 -22.4888855
3420819276 -47.20313 -22.4923652
3420819277 -47.2039048 -22.4917773
3420819278 -47.2050878 -22.4908449
3420819279 -47.2070849 -22.4892834
3420819280 -47.2085145 -22.4881506
3420819281 -47.2077051 -22.4881229
3420819282 -47.2080596 -22.4885099
3420819283 -47.2032719 -22.4930012
3420819284 -47.2042838 -22.4922076
3420819285 -47.2054926 -22.4912793
3420819286 -47.2074918 -22.4897117
3420819287 -47.2082753 -22.4905995
3420819288 -47.2068135 -22.4917381
3420819289 -47.2063051 -22.4921659
3420819290 -47.2050825 -22.4930926
3420819291 -47.2039886 -22.4948419
3420819292 -47.2055367 -22.4936008
3420819293 -47.2067358 -22.4926476
3420819294 -47.2037827 -22.4957992
3420819295 -47.2044335 -22.4953165
3420819297 -47.2059725 -22.4940948
3420819298 -47.207198 -22.4931602
3420819299 -47.209174 -22.4915896
3420819300 -47.2106138 -22.4904656
3420825693 -47.2040892 -22.4885783
3420825694 -47.2034629 -22.4890826
3420825696 -47.2025217 -22.4898048
3420825698 -47.2117214 -22.4845238
3420825699 -47.2095957 -22.4836775
3420825700 -47.2107249 -22.4849093
3420825701 -47.2195065 -22.4878999
3420825705 -47.2170576 -22.4872165
3420825706 -47.2222091 -22.4891869
3420825708 -47.2198418 -22.4883683
3420825714 -47.2133911 -22.4854675
3420825715 -47.2132469 -22.4854451
3420825718 -47.2165413 -22.4875604
3420825723 -47.2261128 -22.489061
3420825730 -47.2377603 -22.4879203
3420827098 -47.2143292 -22.4962619
3420827099 -47.2143151 -22.4963592
3420827102 -47.2152485 -22.4981428
3420827104 -47.2156046 -22.498577
3420827106 -47.2172011 -22.4999146
3420827111 -47.2151271 -22.4991928
3420827113 -47.215392 -22.5002516
3420827120 -47.2116979 -22.4956671
3420838597 -47.1968257 -22.509464
3420838603 -47.1643281 -22.4889804
3420838604 -47.1643227 -22.4891142
3420843774 -47.2129197 -22.4885616
3420843775 -47.2140352 -22.4912277
3420846502 -47.2192688 -22.4944294
3420846505 -47.2243667 -22.4892462
3420851387 -47.2035454 -22.4882625
3420851390 -47.2127255 -22.4857374
3420851391 -47.2116523 -22.4860039
3420851392 -47.2125949 -22.4857725
3420851494 -47.2131986 -22.4861075
3420851495 -47.2106599 -22.4863735
3424110107 -47.202834 -22.4910907
3424110110 -47.2182955 -22.4872487
3424110114 -47.2187448 -22.4872091
3424110118 -47.2190103 -22.4875542
3424110123 -47.2179186 -22.4783143
3424110128 -47.218093 -22.4672824
3424110130 -47.2207242 -22.4387536
3424110141 -47.2192048 -22.4370709
3424110143 -47.2187877 -22.4374018
3424110147 -47.2208637 -22.4387368
3424110150 -47.2190029 -22.4372153
3424110152 -47.2203138 -22.438784
3424110157 -47.2195467 -22.438898
3424110158 -47.2179206 -22.436117
3424124975 -47.1954797 -22.5174755
3428045919 -47.2128768 -22.4851329
3428045920 -47.2117596 -22.4854939
3428045921 -47.2114735 -22.4851606
3428045922 -47.2123464 -22.4848502
3428046309 -47.2134702 -22.4885715
3428052471 -47.1701186 -22.4950301
3428052478 -47.1700627 -22.4949632
3428052490 -47.1702967 -22.494815
3428052896 -47.1722259 -22.4925273
3428052897 -47.1703282 -22.4947428
3428052899 -47.1706755 -22.4947044
3428052907 -47.1721226 -22.4952471
3428052908 -47.1714534 -22.4945384
3428052911 -47.1704529 -22.494272
3428052914 -47.172478 -22.4962582
3437763649 -47.1668708 -22.4758439
3437763657 -47.1712562 -22.4629422
3445891966 -47.1625486 -22.4906444
3445891975 -47.1624495 -22.4906713
3938803527 -47.1583074 -22.4889776
3938803528 -47.1583219 -22.4904836
3938803530 -47.1546856 -22.4937491
3938803531 -47.1554634 -22.4922127
3938803532 -47.1541374 -22.4934783
3938803533 -47.1552622 -22.4939424
3938803535 -47.1559288 -22.4941034
3938803538 -47.1613428 -22.4948642
3938803995 -47.1648457 -22.5011404
3938804592 -47.1548908 -22.5039173
3938804621 -47.153551 -22.5040528
3938804661 -47.1557049 -22.5048517
3938804671 -47.15488 -22.5049957
3938804782 -47.1572323 -22.506335
4032370306 -47.166044 -22.4755143
4032370307 -47.21985 -22.489922
4032370308 -47.2192365 -22.490066
4032370309 -47.2126829 -22.490815
4032370310 -47.205905 -22.4917083
4032370311 -47.2083807 -22.4944715
5935233244 -47.1814067 -22.5069691
5935233245 -47.1810411 -22.5070104
5935240057 -47.1882064 -22.5104105
5935298937 -47.1737158 -22.4784395
5935330001 -47.2117642 -22.491532
5935330002 -47.2115641 -22.4915438
5935330003 -47.2117625 -22.4917619
5935330006 -47.2120644 -22.491419
5935330021 -47.2115649 -22.4914396
5935330029 -47.2114744 -22.4911966
5935330058 -47.2113298 -22.4912846
5935374284 -47.2198878 -22.4945922
5935375785 -47.2198651 -22.4926805
5935375786 -47.2198646 -22.4927954
5935375787 -47.2204846 -22.4926604
5935375789 -47.2201891 -22.4947626
5935375790 -47.2204906 -22.4927765
5935375791 -47.2211224 -22.4928406
5935375792 -47.221105 -22.4911824
5935375793 -47.2211331 -22.4926397
5935375794 -47.2211319 -22.4927503
5935375795 -47.2204826 -22.491175
5935375798 -47.2095231 -22.4856302
5935375800 -47.2093437 -22.4854426
5935375808 -47.1651033 -22.479411
5935375809 -47.165004 -22.4793651
5935375811 -47.1647988 -22.4798955
5935375812 -47.1629572 -22.4791905
5935375813 -47.164603 -22.4804247
5935375814 -47.16275 -22.4797367
5935375815 -47.1645185 -22.4810641
5935375820 -47.1620657 -22.4809761
5935375821 -47.1644971 -22.4815703
5935375825 -47.1615712 -22.4804425
5935375826 -47.1621367 -22.4806539
5935402113 -47.1545656 -22.4891682
5935402114 -47.1604282 -22.4920491
5935402115 -47.1602808 -22.4924311
5935402117 -47.1618752 -22.4922572
5935402118 -47.160506 -22.4918434
5935402125 -47.1619892 -22.4923204
5935402128 -47.1615091 -22.492334
5935402129 -47.1612838 -22.4929784
5935402130 -47.1611778 -22.4930998
5935402131 -47.160573 -22.4916612
5958322185 -47.1858448 -22.4920937
5958322186 -47.1861666 -22.4915856
5958322187 -47.1870303 -22.4903502
5958322188 -47.1873991 -22.4904717
5958322189 -47.1871296 -22.490043
5958322190 -47.1873173 -22.4894965
5958322191 -47.187544 -22.4889463
5958322192 -47.1877827 -22.4884271
5958322193 -47.188004 -22.4878757
5958322194 -47.1855873 -22.4926091
5958322196 -47.1841067 -22.4927082
5958322197 -47.1843267 -22.4921977
5958322198 -47.1845788 -22.4916377
5958322199 -47.1847504 -22.4910925
5958322200 -47.1865878 -22.4911123
5958322201 -47.1849597 -22.4905423
5958322202 -47.1869338 -22.4906191
5958322204 -47.1875071 -22.4901724
5958322207 -47.1882145 -22.4873553
5958322208 -47.1855793 -22.4889383
5958322209 -47.187987 -22.4897346
5958322210 -47.185836 -22.4883812
5958322211 -47.1884557 -22.4892476
5958322212 -47.1860514 -22.4878577
5958322213 -47.1889208 -22.4888068
5958322214 -47.1862153 -22.4872899
5958322215 -47.1894279 -22.4883524
5958322216 -47.190035 -22.4879524
5958322217 -47.1864236 -22.486758
5958322218 -47.1907251 -22.4876948
5958322219 -47.1865314 -22.4862896
5958328647 -47.1536478 -22.4931165
5958328648 -47.1543027 -22.4917851
5958328649 -47.1566556 -22.4942459
5958328650 -47.1570352 -22.4934096
5958328652 -47.1561013 -22.4923268
5958328664 -47.154867 -22.4920543
5958328665 -47.154074 -22.49166
5958328666 -47.1534276 -22.492966
5958328667 -47.1667046 -22.4758941
5958328877 -47.1665403 -22.4755335
5958328881 -47.1788201 -22.4804185
5958328994 -47.1735925 -22.4785299
5958329023 -47.1656711 -22.4776108
5958329025 -47.1657698 -22.475536
5958329026 -47.1657004 -22.4775092
5958329027 -47.1646272 -22.4811161
5958329028 -47.164603 -22.4819278
5958329031 -47.164713 -22.4804594
5958329033 -47.1648967 -22.4799401
5958329034 -47.1658073 -22.4775516
5958329396 -47.1581423 -22.4726987
5958329860 -47.1813002 -22.5068527
5958330510 -47.1827549 -22.501555
5958330517 -47.1823767 -22.5025586
5958331533 -47.2115767 -22.4907169
5958331566 -47.2116952 -22.4916172
6212198955 -47.2059158 -22.4839514
6212198962 -47.2411385 -22.488232
6212199032 -47.2428162 -22.4883008
6443931092 -47.2119299 -22.4954714
6443931095 -47.2142346 -22.4970301
6443931096 -47.2143982 -22.4954677
6443931097 -47.212567 -22.4950767
6786928639 -47.1812563 -22.507138
6806480302 -47.1813698 -22.5070453
6806480303 -47.1816147 -22.507169
7217681496 -47.2451814 -22.4893515
7217681532 -47.2454349 -22.4895181
7437657897 -47.1833423 -22.4784457
7437657898 -47.1850079 -22.4751828
7437657938 -47.1897206 -22.4820443
7437657982 -47.1932612 -22.4593957
7437657995 -47.1930995 -22.4592849
7437657998 -47.1887778 -22.4650739
7437658007 -47.1833906 -22.4707004
7437658019 -47.1740069 -22.4586094
7437658020 -47.1729296 -22.4584819
7437658029 -47.1738392 -22.4662463
7437658030 -47.170229 -22.4656638
7437658041 -47.1687323 -22.4697436
7437658080 -47.1799533 -22.4750403
7437740228 -47.1827039 -22.4781594
7437740229 -47.18686 -22.477054
7437740242 -47.1783212 -22.477484
7437740243 -47.1793907 -22.4773261
7437740268 -47.1667716 -22.4750031
7437740274 -47.17847 -22.4728071
7437881143 -47.185877 -22.462972
7437881157 -47.191633 -22.4578707
7437881168 -47.1976224 -22.4630786
7437881169 -47.1982952 -22.462219
7437890186 -47.1980408 -22.4612518
7437890187 -47.1993484 -22.4630104
7437890188 -47.1991459 -22.4573725
7437890191 -47.2014311 -22.4579104
7437890196 -47.2020534 -22.4618417
7437890199 -47.2025174 -22.4641444
7437890201 -47.2028232 -22.4655548
7437890217 -47.1955369 -22.4611229
7437890222 -47.1939891 -22.4610784
7591278278 -47.2147147 -22.4820864
7591278284 -47.2113016 -22.4820691
7591282324 -47.2003004 -22.4812963
7591316813 -47.2056663 -22.4744739
7591316817 -47.2080059 -22.4741753
7591316821 -47.2053954 -22.4754926
7591316844 -47.2093977 -22.4750338
7591316845 -47.2086677 -22.4766537
7591316849 -47.2099176 -22.4765224
7591316853 -47.2037123 -22.4696445
7591316889 -47.2072314 -22.4806068
7591316910 -47.2092108 -22.4813999
7591316911 -47.2110066 -22.4826973
7591316917 -47.2104173 -22.4833056
7591327281 -47.2081018 -22.4655449
7591352999 -47.2068959 -22.4684225
7591353012 -47.216076 -22.464893
7591353025 -47.2016007 -22.4541667
7591353034 -47.201301 -22.4552072
7591353050 -47.2077383 -22.4583529
7591353071 -47.20469 -22.4599554
7591353077 -47.2059909 -22.4610869
7591353100 -47.2040932 -22.4651892
7591353116 -47.2028587 -22.4657071
7591353117 -47.2042528 -22.4667594
7591353123 -47.203234 -22.4673759
7591381712 -47.2234064 -22.4783539
7591381713 -47.2183076 -22.484162
7591381734 -47.2197556 -22.4829114
7591381749 -47.2128367 -22.4820996
7591381772 -47.2115926 -22.4814073
7591381773 -47.2118059 -22.4816812
7591381775 -47.212856 -22.4808385
7591392786 -47.217299 -22.4728269
7591392792 -47.2196111 -22.4825486
7591392797 -47.2127754 -22.4617439
7591392822 -47.2106895 -22.460306
7591508349 -47.2048804 -22.4761841
7591508353 -47.2097203 -22.4756158
7591515140 -47.2183639 -22.4709048
7591515147 -47.2151251 -22.469243
7591515162 -47.2168546 -22.4713349
7591515206 -47.2284034 -22.4806688
7591515226 -47.2292107 -22.4884377
7591542117 -47.2228271 -22.468052
7591776353 -47.202571 -22.4574977
7591776365 -47.2015444 -22.4560085
7591776366 -47.2082753 -22.4842483
7591776381 -47.2178435 -22.4794891
7612197767 -47.1047938 -22.4769474
7612216217 -47.1064702 -22.5021919
7612267962 -47.1101622 -22.5019329
7612267971 -47.1100724 -22.5027494
7612267972 -47.1110943 -22.5031224
7612267973 -47.112532 -22.5012762
7612267977 -47.1115871 -22.5019589
7612267978 -47.1114631 -22.5014794
7612294289 -47.115064 -22.5046698
7612294310 -47.1065587 -22.5023951
7612294335 -47.0894515 -22.4919226
7612294345 -47.0918897 -22.4876998
7612294355 -47.0905754 -22.4853776
7612294379 -47.0899531 -22.476282
7613994292 -47.100761 -22.4898249
7613994294 -47.1082485 -22.488022
7613994323 -47.1158579 -22.4857593
7613994382 -47.1007463 -22.4897741
7613994395 -47.0914259 -22.4933408
7613994396 -47.1065001 -22.5022621
7613994412 -47.0978764 -22.4979173
7614263427 -47.0881292 -22.4750626
7614490088 -47.113055 -22.4722271
7614490092 -47.1145892 -22.4735804
7614490102 -47.1134895 -22.4718777
7614490107 -47.1138462 -22.47031
7614490149 -47.1100147 -22.4925323
7614490173 -47.1059431 -22.5039599
7614490179 -47.1069391 -22.5050599
7614490180 -47.1067698 -22.5037283
7614490181 -47.1075431 -22.5038273
7614490194 -47.0860612 -22.485017
7614490204 -47.0870322 -22.4848448
7614490219 -47.0836781 -22.483711
7614490225 -47.0847 -22.4834743
7614490266 -47.1094944 -22.498315
7614555271 -47.0872521 -22.488069
7614567886 -47.0906023 -22.4855609
7614567908 -47.0963797 -22.4890678
7614567920 -47.0968649 -22.4906458
7614567921 -47.0949702 -22.4894259
7614567931 -47.0962611 -22.4909115
7614567932 -47.0928901 -22.4878187
7614567934 -47.0928687 -22.4841248
7614567950 -47.0911571 -22.4819426
7614567951 -47.1020566 -22.4926835
7614567954 -47.1018771 -22.4936024
7614567955 -47.1015309 -22.4725407
7614567962 -47.1025102 -22.4720527
7615079278 -47.113857 -22.4784803
7615079282 -47.1118443 -22.4818049
7615543779 -47.1046577 -22.5135276
7615562611 -47.0956367 -22.4984723
7651098609 -47.1890567 -22.4466116
7651176978 -47.220338 -22.4384059
7651204579 -47.2217193 -22.4514294
7651212891 -47.2239898 -22.4475251
7651212910 -47.221547 -22.4514096
7651212911 -47.2215195 -22.4517368
7651241368 -47.2009262 -22.4549488
7651241370 -47.2002248 -22.454911
7651241372 -47.2011897 -22.4543074
7651241374 -47.2012152 -22.454805
7651251498 -47.1954679 -22.4495938
7651251514 -47.2010583 -22.4541624
7651251515 -47.2012956 -22.4541692
7651251520 -47.2012769 -22.455105
7651272085 -47.1962692 -22.4523373
7651272086 -47.1973863 -22.4515044
7651272094 -47.1989607 -22.4535179
7651272095 -47.1981668 -22.4537906
7651277347 -47.1821561 -22.4481975
7651277357 -47.186636 -22.4509299
7651277360 -47.1882279 -22.4518335
7651277377 -47.1928427 -22.4523243
7651277380 -47.1909751 -22.4515794
7651277382 -47.1916223 -22.4520554
7651312590 -47.1861573 -22.4518199
7651312601 -47.1879677 -22.4544413
7651488445 -47.2218984 -22.4455012
7651488457 -47.1903536 -22.4491897
7651573717 -47.2055832 -22.5140622
7651573737 -47.2189137 -22.5124368
7651598791 -47.2109449 -22.5108708
7651598794 -47.1984337 -22.5161925
7818038140 -47.1242465 -22.5081935
7818038149 -47.1513355 -22.5179188
7818038150 -47.1356553 -22.5015203
7818038167 -47.124854 -22.5032723
7818038169 -47.1237999 -22.4936549
7818038385 -47.1242183 -22.5083297
7860118490 -47.1657698 -22.477641
7860209772 -47.1648439 -22.5011158
7860404216 -47.1575327 -22.4943364
7860404217 -47.1566912 -22.4941705
7860404218 -47.1559771 -22.4940217
7860404219 -47.155296 -22.4938774
7860479189 -47.1616191 -22.4934455
7860520097 -47.1260825 -22.4836725
7860520110 -47.1326271 -22.4746784
7860520120 -47.1606722 -22.4929065
7860539564 -47.1380872 -22.475203
7860560288 -47.1315676 -22.5013593
7860782661 -47.13808 -22.4811298
7860875059 -47.1197256 -22.476163
7860875080 -47.129914 -22.4787976
7860875082 -47.1370263 -22.4848155
7860998065 -47.1618162 -22.486395
7860998066 -47.1644031 -22.487192
7860998074 -47.1153469 -22.5008166
7861040094 -47.1428812 -22.4873875
7861040110 -47.1326044 -22.4747639
7861318794 -47.1187989 -22.5062272
7861376756 -47.1220631 -22.4785385
7890802643 -47.218381 -22.4660176
7890802644 -47.2230669 -22.4669431
7890802647 -47.2208489 -22.502431
7890802656 -47.1989663 -22.4827546
7890802677 -47.1948409 -22.5011139
7890802678 -47.1941784 -22.5020159
7915589015 -47.1998151 -22.4951108
7915589018 -47.1918804 -22.4870647
7915673762 -47.1900344 -22.5039463
7915673764 -47.1928359 -22.5042381
7915941353 -47.1972202 -22.4838791
7915941354 -47.1994463 -22.485789
7958050620 -47.2065652 -22.4977139
7958050625 -47.2121107 -22.4909855
7958050627 -47.2132931 -22.4855735
7958489201 -47.2225649 -22.4892419
7958522554 -47.2137292 -22.5005486
7958522566 -47.2142687 -22.4911105
7958522567 -47.2149621 -22.4929397
7958522569 -47.2150053 -22.4930326
7958522570 -47.2142602 -22.4911816
7958522572 -47.215075 -22.4930089
7958522573 -47.2150821 -22.4930919
7958539796 -47.2205532 -22.4945638
7958582578 -47.2266385 -22.4905225
7958619346 -47.2067595 -22.4974742
7958619366 -47.2119861 -22.5008626
7958695445 -47.2124811 -22.5007734
8034569573 -47.2397277 -22.4972903
8034616147 -47.2398698 -22.4920763
8034616153 -47.2417367 -22.4971144
8034616176 -47.2393602 -22.4881198
8144954603 -47.2076136 -22.518563
8144954605 -47.1949965 -22.5164124
8145274927 -47.2292751 -22.5194005
8505297534 -47.1873326 -22.4415406
8505297540 -47.1876748 -22.4414189
8505297541 -47.1877551 -22.441745
8505297547 -47.1874194 -22.4418876
8505297550 -47.1908595 -22.4516084
8505297554 -47.1908966 -22.4519922
8505297561 -47.1928008 -22.4583682
8505297563 -47.1929524 -22.4584493
8505297564 -47.1957351 -22.4664931
8505297571 -47.1960463 -22.4663617
8505297572 -47.1961946 -22.466649
8505297589 -47.1959483 -22.4668873
8505297596 -47.1928676 -22.4581896
8505297603 -47.1904028 -22.4509118
8505297699 -47.1901167 -22.4492983
8505297700 -47.1905771 -22.4506555
8505297701 -47.1908143 -22.4513549
8505297702 -47.1931411 -22.4590278
9268891272 -47.1906728 -22.5024868
9268891273 -47.1907479 -22.5022885
9268891274 -47.1910214 -22.5018276
9268891276 -47.1913379 -22.5013865
9268891279 -47.1930277 -22.5027792
9268891280 -47.1933067 -22.5023282
9268891281 -47.1938914 -22.5014559
9268891282 -47.1936446 -22.5018673
9268891283 -47.1926737 -22.5011932
9268891286 -47.1942752 -22.5010251
9268891287 -47.1945566 -22.5010792
9268891288 -47.1944976 -22.5007026
9268891289 -47.1929258 -22.5029823
9268891290 -47.1947339 -22.5012596
9727752988 -47.1816782 -22.5070626
1446566133 1446566145 604.0840000000001
1446566133 7915589015 393.31499999999994
1446566145 2344934606 228.139
1446566145 1447028835 1455.8269999999998
1446566154 2344934606 103.81
1446566154 2292171996 321.353
1447028482 1447029012 337.928
1447028482 1447028650 645.8100000000001
1447028650 8505297589 1276.794
1447028653 5958328994 2425.8940000000002
1447028700 2019011007 286.184
1447028700 1447029040 639.084
1447028737 2019010960 65.894
1447028835 3420380577 559.317
1447028835 3420380501 279.442
1447028913 4032370306 829.729
1447028989 1447028737 318.104
1447028989 7591282324 349.6740000000001
1447029012 1447028989 156.467
1447029040 2344934577 56.939
1448081146 1447028737 718.559
1448081146 7591282324 391.294
1448081187 1448081208 41.679
1448081208 1447028653 380.6
1448081208 2292171996 445.65400000000005
1568115487 1568115759 126.915
1568115487 1568115760 51.136
1568115487 1568115701 1585.9340000000002
1568115536 1568115571 30.159
1568115536 5935233245 1871.2180000000003
1568115536 3428052471 20.63
1568115571 1568115536 30.159
1568115571 3428052490 22.879
1568115571 3420838604 885.3910000000001
1568115630 3420379974 530.789
1568115669 1568115817 117.973
1568115689 1568115787 447.69700000000006
1568115689 1568115862 42.635000000000005
1568115701 1568115669 44.339999999999996
1568115701 1568115487 1585.934
1568115704 3938804621 199.373
1568115759 1568115787 49.237
1568115759 3938804782 590.3659999999999
1568115760 1568115487 51.136
1568115787 1568115760 127.864
1568115787 1568115759 49.237
1568115787 1568115689 447.69700000000006
1568115817 1568115689 51.164
1568115817 1568115862 41.522
1568115862 1568115867 26.426000000000002
1568115867 3428052478 890.5010000000001
1568115867 7860209772 98.01199999999999
1568115868 1568115630 125.451
1568115868 5935240057 1187.639
1940789085 5935402125 71.217
1940789085 1940789108 209.55200000000002
1940789086 3445891975 15.455
1940789086 1940789085 110.03999999999999
1940789094 3420838603 24.076999999999998
1940789094 1940789133 198.196
1940789098 3445891975 136.483
1940789100 1940789988 69.446
1940789100 1940789119 100.395
1940789107 1940789132 68.255
1940789107 1940789988 19.583
1940789107 3938803527 86.085
1940789108 1940789098 97.792
1940789108 1940789100 212.62
1940789119 1940789100 100.395
1940789119 1940789127 44.712
1940789119 1940789098 214.913
1940789119 1940790000 92.307
1940789121 1940789139 93.143
1940789121 1940789132 89.14
1940789121 3938803527 124.71900000000001
1940789127 1940789119 44.712
1940789132 3938803528 38.842
1940789132 1940789107 68.255
1940789132 1940789121 89.14
1940789133 3445891966 102.771
1940789133 3938803538 541.198
1940789133 1940789094 198.196
1940789135 1940789996 21.184
1940789135 1940790005 72.485
1940789135 3938803527 99.693
1940789139 1940790005 112.766
1940789139 1940789995 211.282
1940789139 1940789121 93.143
1940789979 1940789995 125.824
1940789979 1940790005 170.792
1940789979 1940789996 241.579
1940789980 1940789987 115.478
1940789987 1940789996 145.381
1940789987 1940789980 115.478
1940789987 1940790000 91.37
1940789988 1940789107 19.583
1940789988 1940789100 69.446
1940789988 1940789997 91.988
1940789995 1940789139 211.282
1940789995 5935402113 38.216
1940789995 1940789979 125.824
1940789996 1940789987 145.381
1940789996 1940789135 21.184
1940789996 1940789997 93.305
1940789996 1940789979 241.579
1940789997 1940789988 91.988
1940789997 1940789996 93.305
1940789997 1940790000 157.835
1940790000 1940789987 91.37
1940790000 1940789997 157.835
1940790000 1940789119 92.307
1940790005 1940789135 72.485
1940790005 1940789139 112.766
1940790005 1940789979 170.792
2019010960 2019011085 344.55899999999997
2019010960 2019010962 610.271
2019010962 3420819219 245.392
2019010969 2019011076 85.624
2019010969 2019011085 35.034
2019010971 2019011076 42.120000000000005
2019010971 1447029040 321.20799999999997
2019011007 2019011022 13.264
2019011022 3420798322 202.82300000000004
2019011022 2019010971 60.79100000000001
2019011076 2019010969 85.624
2019011076 2019011007 42.001999999999995
2019011085 3420819253 70.498
2019011099 7958050625 7.314
2019011099 5935330006 45.04600000000001
2019011118 2019010969 29.256999999999998
2019011118 7591316917 250.424
2132552360 1447028700 474.41200000000003
2292171995 1447029012 338.245
2292171995 1447028650 390.335
2292171996 2292171995 93.088
2292171997 1448081187 388.5019999999999
2292171997 1446566154 320.556
2344934577 2344934606 655.8069999999999
2344934577 1448081187 391.18
2344934606 1446566154 103.81
2344934606 1446566145 228.13899999999998
2344934606 7890802656 427.361
3420379974 3420380498 195.023
3420379974 3420380564 410.486
3420379985 3420380518 26.588
3420379985 3420380495 20.716
3420380493 3420379985 17.961
3420380493 3420380564 184.52500000000003
3420380495 3420380498 25.858
3420380498 3420380493 59.93
3420380501 3420380502 4.0
3420380502 3420380511 20.561999999999998
3420380502 3420380524 22.722
3420380505 3420380508 22.209
3420380505 3420380577 262.93
3420380508 3420380519 22.663
3420380508 3420380516 21.213
3420380511 3420380505 27.701
3420380516 3420380501 26.188
3420380518 3420380519 27.429
3420380518 3420380495 26.228
3420380519 3420380518 27.429
3420380519 3420380516 21.029
3420380524 3420380511 23.826999999999998
3420380524 3420380535 742.244
3420380535 3420798394 12.424
3420380535 3420380524 742.2439999999999
3420380537 3420380539 148.57
3420380537 3420798413 9.123
3420380537 3420798395 35.909
3420380539 3420380540 22.224
3420380539 3420798395 146.257
3420380540 3420380547 10.185
3420380540 4032370311 65.54
3420380540 3420380541 275.53
3420380541 3420380542 65.881
3420380541 3420380546 9.027
3420380541 3420798385 8.685
3420380542 3420380545 10.371
3420380542 5935330002 127.128
3420380544 3420380545 110.488
3420380545 3420380546 64.522
3420380545 3420798354 240.247
3420380545 3420380542 10.371
3420380546 3420380547 276.745
3420380546 3420380541 9.027
3420380546 3420798349 64.254
3420380547 3420798413 171.489
3420380547 3420798350 65.215
3420380547 3420380540 10.185
3420380549 3420380550 52.565
3420380549 3420798357 124.967
3420380549 3420798350 178.873
3420380550 3420380551 54.648
3420380550 3420380549 52.565
3420380550 3420798356 136.007
3420380551 3420380550 54.648
3420380551 3420798355 151.097
3420380551 3420380552 65.484
3420380552 3420798354 66.164
3420380552 3420798349 172.495
3420380552 3420380551 65.484
3420380560 5958331533 27.331
3420380560 2019011099 46.047999999999995
3420380564 1446566133 924.613
3420380584 3420819300 65.197
3420380584 5935330058 51.871
3420380584 3420798382 192.511
3420380586 3420380587 74.724
3420380586 3420819300 69.371
3420380586 3420819258 193.475
3420380587 3420380588 63.346
3420380587 3420380586 74.724
3420380587 3420819287 194.226
3420380588 3420380589 63.254
3420380588 3420380587 63.346
3420380588 3420798353 195.803
3420380588 3420798340 110.478
3420380589 3420819280 65.198
3420380589 3420380588 63.254
3420380589 3420819286 193.598
3420380591 3420819280 41.536
3420797921 3420797922 39.384
3420797921 7958522566 63.588
3420797921 3420797987 109.205
3420797922 4032370309 105.987
3420797922 3420797921 39.384
3420797922 3420843775 83.88
3420797922 3420797924 85.466
3420797923 3420797925 40.152
3420797923 7958050625 57.201
3420797923 5958331533 69.772
3420797924 3420797931 100.702
3420797924 3420797922 85.466
3420797924 3420843774 148.952
3420797925 3420798358 41.298
3420797925 3420797923 40.152
3420797925 3420797931 17.731
3420797931 3420797925 17.731
3420797931 3420797924 100.702
3420797931 4032370309 82.154
3420797932 4032370309 85.051
3420797932 3420843775 117.552
3420797932 5935330006 104.10399999999998
3420797934 3420797952 98.019
3420797934 3420797951 57.452
3420797935 3420797936 89.285
3420797935 3420797988 61.665
3420797935 3420797985 161.293
3420797936 3420797937 85.56
3420797936 3420797935 89.285
3420797936 3420798296 139.185
3420797936 3420797952 144.492
3420797937 3420797938 152.492
3420797937 3420797936 85.56
3420797937 3420798305 55.142
3420797937 3420819257 121.648
3420797938 3420797949 64.744
3420797938 3420797937 152.492
3420797938 3420797965 198.85
3420797938 3420797964 93.64
3420797940 3420797942 184.113
3420797940 3420825706 22.23
3420797940 7958489201 41.978
3420797941 3420797977 30.057
3420797941 3420797942 129.356
3420797941 3420825706 187.02
3420797942 3420797940 184.113
3420797942 4032370307 63.866
3420797942 5935375795 151.855
3420797942 3420797941 129.356
3420797943 5935375792 55.358
3420797944 4032370307 153.552
3420797944 3420825708 19.297
3420797944 3420797977 37.351
3420797944 3420797946 64.915
3420797945 4032370307 139.761
3420797945 5935375795 64.747
3420797945 3420798307 63.995
3420797945 5935375785 166.976
3420797946 4032370308 167.763
3420797946 3420797944 64.915
3420797946 3420797976 62.307
3420797948 3420797976 75.098
3420797948 3420797966 71.547
3420797948 3420825708 136.267
3420797949 4032370308 65.975
3420797949 3420797938 64.744
3420797949 3420798306 107.443
3420797949 3420797976 184.365
3420797950 3420797958 288.941
3420797950 3420846502 131.725
3420797950 3420797961 71.267
3420797951 7958522572 11.165
3420797951 3420798295 76.69500000000001
3420797952 3420797936 144.492
3420797952 3420798295 62.258
3420797952 3420797934 98.019
3420797953 3420797958 12.17
3420797953 3420798306 170.582
3420797953 3420797954 62.693
3420797954 3420797957 11.347
3420797954 3420798307 169.496
3420797954 5935375785 63.26
3420797955 5935375793 26.795
3420797956 5935375794 25.947
3420797957 3420846502 181.742
3420797957 3420797954 11.347
3420797957 3420797958 63.663
3420797958 3420797950 288.941
3420797958 3420797953 12.17
3420797958 3420797962 63.718
3420797959 3420798295 12.295
3420797959 3420798294 122.404
3420797959 7958522572 73.76700000000001
3420797961 3420797962 294.346
3420797961 3420798311 91.977
3420797961 3420797950 71.267
3420797962 3420798310 73.046
3420797962 3420797963 13.539
3420797962 3420797961 294.346
3420797963 3420797953 64.505
3420797963 3420797964 168.941
3420797963 3420797962 13.539
3420797964 3420797938 93.64
3420797964 3420797963 168.941
3420797964 3420798306 63.608
3420797964 3420798308 74.762
3420797965 3420797966 104.301
3420797965 3420797938 198.85
3420797965 3420797976 64.212
3420797965 3420797968 73.852
3420797966 3420797965 104.301
3420797966 3420797948 71.547
3420797966 3420797967 76.24000000000001
3420797967 3420797968 107.896
3420797967 3420797966 76.24
3420797967 3420825718 73.928
3420797968 3420797967 107.896
3420797968 3420797965 73.852
3420797968 3420797975 74.962
3420797969 3420825718 64.367
3420797969 3420798299 106.049
3420797969 3420825705 58.29
3420797970 3420798309 75.133
3420797970 3420797971 13.544
3420797970 3420798305 171.023
3420797971 3420797959 83.627
3420797971 3420797972 186.787
3420797971 3420797970 13.544
3420797972 3420797971 186.787
3420797972 3420798311 90.436
3420797972 3420798294 107.248
3420797973 3420798360 37.787
3420797973 3420798359 49.721
3420797973 3420843774 26.552
3420797975 3420819257 113.621
3420797975 3420825718 110.43
3420797975 3420797968 74.962
3420797975 3420798297 84.186
3420797976 3420797949 184.365
3420797976 3420797948 75.098
3420797976 3420797946 62.307
3420797976 3420797965 64.212
3420797977 3420797944 37.351
3420797977 3420825708 43.33
3420797977 3420797941 30.057
3420797979 3420797980 112.625
3420797979 3420797983 83.229
3420797979 3428046309 139.921
3420797980 3420797979 112.625
3420797980 3420797982 84.556
3420797980 3420798303 96.251
3420797981 3420797982 48.096
3420797981 3420825714 166.09300000000002
3420797981 3420798304 92.35899999999998
3420797982 3420797983 113.842
3420797982 3420797981 48.096
3420797982 3420798304 75.946
3420797982 3420797980 84.556
3420797983 3420797984 114.781
3420797983 3420797982 113.842
3420797983 3420798298 86.806
3420797983 3420797979 83.229
3420797984 3420798297 87.362
3420797984 3420797986 84.534
3420797984 3420797985 113.553
3420797984 3420797983 114.781
3420797985 3420797935 161.293
3420797985 3420797984 113.553
3420797985 3420798296 86.209
3420797985 3420797987 84.4
3420797986 3420797984 84.534
3420797986 3428046309 60.144
3420797986 3420797987 113.586
3420797987 3420797921 109.205
3420797987 3420797986 113.586
3420797987 3420797985 84.4
3420797988 3420797935 61.665
3420797988 7958522570 6.451
3420797988 3420797934 150.843
3420797989 7958522573 8.004
3420797989 6443931096 289.72
3420797989 3420798294 110.983
3420798294 3420797959 122.404
3420798294 3420797972 107.248
3420798294 3420797989 110.98299999999999
3420798295 3420797970 85.077
3420798295 3420797952 62.258
3420798295 3420797959 12.295
3420798296 3420798297 114.605
3420798296 3420797936 139.185
3420798296 3420819257 84.925
3420798296 3420797985 86.209
3420798297 3420797975 84.186
3420798297 3420797984 87.362
3420798297 3420798298 112.864
3420798297 3420798296 114.605
3420798298 3420798299 114.912
3420798298 3420798297 112.864
3420798298 3420825718 85.175
3420798298 3420797983 86.806
3420798299 3420798298 114.912
3420798299 3420798304 10.016
3420798299 3420797969 106.049
3420798299 2132552360 127.086
3420798300 3420798331 174.417
3420798300 3420798338 68.354
3420798300 3420819280 110.073
3420798300 3420851495 249.388
3420798303 3420851494 42.737
3420798303 3420797980 96.251
3420798303 3420798335 101.707
3420798303 3420798339 107.957
3420798304 3420797982 75.946
3420798304 3420798299 10.016
3420798304 3420797981 92.359
3420798305 3420797970 171.023
3420798305 3420797937 55.142
3420798305 3420798308 73.381
3420798306 3420797953 170.582
3420798306 3420797949 107.443
3420798306 3420798307 62.394
3420798306 3420797964 63.608
3420798307 3420797954 169.496
3420798307 4032370308 122.639
3420798307 3420797945 63.995
3420798307 3420798306 62.394
3420798308 3420797964 74.762
3420798308 3420798305 73.381
3420798308 3420798309 169.577
3420798309 3420797963 72.619
3420798309 3420798310 12.509
3420798309 3420798308 169.577
3420798310 3420797971 75.168
3420798310 3420798311 242.177
3420798310 3420798309 12.509
3420798311 3420798310 242.177
3420798311 3420797961 91.977
3420798311 3420797972 90.436
3420798312 5958331533 68.056
3420798312 3420798313 73.789
3420798312 3420798358 118.369
3420798313 3420798312 73.789
3420798313 3420798314 73.131
3420798313 3420798359 171.762
3420798314 3420798313 73.131
3420798314 3420798340 75.99
3420798314 3420798334 102.465
3420798322 3420825699 34.614
3420798322 2019011022 202.823
3420798322 3420825698 226.112
3420798324 3420798327 72.789
3420798324 5935375800 134.836
3420798324 5935375800 352.156
3420798324 7591776366 37.47
3420798327 3420798324 72.789
3420798327 3420825699 73.039
3420798327 3420798328 158.456
3420798328 3420825700 74.821
3420798328 3420851495 148.96
3420798328 3420798327 158.456
3420798331 3420798300 174.417
3420798331 3420798332 62.878
3420798331 3420851495 64.515
3420798331 3420798335 133.901
3420798332 3420798333 65.547
3420798332 3420798331 62.878
3420798332 3420798338 152.248
3420798332 3420798335 169.469
3420798333 3420798334 73.743
3420798333 3420798332 65.547
3420798333 3420798340 126.938
3420798333 3420798339 171.596
3420798334 3420798333 73.743
3420798334 3420798314 102.465
3420798334 3420798360 122.618
3420798335 3420798303 101.707
3420798335 3420798331 133.901
3420798335 3420798332 169.469
3420798338 3420798340 72.649
3420798338 3420798300 68.354
3420798338 3420798332 152.248
3420798339 3420798360 87.143
3420798339 3420798333 171.596
3420798339 3420798303 107.957
3420798340 3420798314 75.99
3420798340 3420798338 72.649
3420798340 3420798333 126.938
3420798340 3420380588 110.478
3420798342 3420798401 66.051
3420798342 3420819283 69.136
3420798342 3420798411 163.601
3420798343 3420798344 62.744
3420798343 3420819286 196.203
3420798343 3420819285 73.186
3420798344 4032370310 71.394
3420798344 3420798353 195.023
3420798344 3420819288 63.822
3420798344 3420798343 62.744
3420798345 3420819259 71.155
3420798345 3420819299 195.769
3420798345 3420819298 72.023
3420798346 3420825694 64.003
3420798346 3420851387 63.304
3420798346 3420825696 163.647
3420798349 3420798355 66.44
3420798349 3420380552 172.495
3420798349 3420380546 64.254
3420798350 3420380547 65.215
3420798350 3420798357 87.389
3420798350 3420380549 178.873
3420798353 3420798344 195.023
3420798353 3420380588 195.803
3420798353 3420819287 62.115
3420798353 3420819286 65.263
3420798354 3420380552 66.164
3420798354 3420380545 240.247
3420798354 5935330003 283.451
3420798355 3420798356 54.081
3420798355 3420798349 66.44
3420798355 3420380551 151.097
3420798356 3420798357 53.73
3420798356 3420798355 54.081
3420798356 3420380550 136.007
3420798357 3420798350 87.389
3420798357 3420798356 53.73
3420798357 3420380549 124.967
3420798358 3420797925 41.298
3420798358 3420798312 118.369
3420798358 3420798359 89.871
3420798359 3420797973 49.721
3420798359 3420798313 171.762
3420798359 3420798358 89.871
3420798360 3420798339 87.143
3420798360 3420797973 37.787
3420798360 3420798334 122.618
3420798380 3420798381 162.435
3420798380 3420798406 74.218
3420798380 3420798412 125.951
3420798380 3420819297 65.426
3420798381 3420798384 63.997
3420798381 3420819298 63.056
3420798381 3420798382 267.65
3420798381 3420798380 162.435
3420798382 3420798383 63.881
3420798382 3420819299 63.933
3420798382 3420380584 192.511
3420798382 3420798381 267.65
3420798383 3420798385 65.573
3420798383 3420798382 63.881
3420798383 3420798384 265.891
3420798384 4032370311 62.748
3420798384 3420798381 63.997
3420798384 3420798383 265.891
3420798385 3420380541 8.685
3420798385 3420798383 65.573
3420798385 4032370311 266.686
3420798388 3420798405 83.738
3420798388 3420798393 66.454
3420798388 3420798392 124.873
3420798388 3420798390 183.67399999999998
3420798390 3420798392 65.1
3420798390 3420819294 113.28999999999999
3420798390 3420798388 183.67399999999998
3420798392 3420798407 86.322
3420798392 3420798390 65.1
3420798392 3420798388 124.873
3420798393 3420798388 66.454
3420798393 3420798395 220.873
3420798393 3420798394 82.198
3420798394 7958050620 8.68
3420798394 3420380537 219.514
3420798394 3420798393 82.198
3420798395 3420798393 220.873
3420798395 3420380537 35.909
3420798395 3420798412 64.481
3420798395 3420380539 146.257
3420798397 3420819294 90.17
3420798397 3420798401 91.612
3420798397 3420819291 33.403
3420798401 3420798397 91.612
3420798401 3420798342 66.051
3420798401 3420819290 192.127
3420798405 3420798388 83.738
3420798405 3420798408 66.005
3420798405 3420798407 125.084
3420798406 3420798380 74.218
3420798406 3420798407 62.274
3420798406 3420798408 126.489
3420798407 3420798406 62.274
3420798407 3420798392 86.322
3420798407 3420798405 125.084
3420798408 3420798405 66.005
3420798408 3420798412 71.816
3420798408 3420798406 126.489
3420798409 3420819262 66.596
3420798409 3420819265 67.975
3420798409 3420819277 63.985
3420798411 4032370310 162.852
3420798411 3420819290 64.633
3420798411 3420798342 163.601
3420798411 3420819284 63.503
3420798412 3420798408 71.816
3420798412 3420798395 64.481
3420798412 3420798380 125.951
3420798412 4032370311 163.156
3420798413 3420380537 9.123
3420798413 7958619346 184.417
3420819196 3420819197 49.842999999999996
3420819196 7591278284 360.413
3420819197 3420819199 13.009
3420819197 3420819226 49.629000000000005
3420819199 3420819211 51.89600000000001
3420819199 3420819239 160.686
3420819211 3420819196 29.983
3420819212 7591278284 246.19299999999998
3420819212 7591316849 461.71799999999996
3420819212 7591316910 126.18400000000001
3420819219 3420819239 272.91
3420819219 3420819211 89.555
3420819226 3420819233 256.69899999999996
3420819226 3420819197 49.629000000000005
3420819226 3420819242 113.16300000000001
3420819233 3420819226 256.699
3420819239 3424110110 391.95
3420819242 7591278278 245.99699999999999
3420819242 3420819226 113.16300000000001
3420819242 3420819244 178.80200000000002
3420819243 7591278278 231.789
3420819244 3420819242 178.80200000000002
3420819247 7591316853 97.57499999999999
3420819247 7591353123 166.73800000000003
3420819247 7437890217 1286.25
3420819253 2019011118 22.488
3420819253 7591316910 89.121
3420819257 3420797937 121.648
3420819257 3420797975 113.621
3420819257 3420798296 84.925
3420819258 3420819299 69.759
3420819258 3420819287 73.928
3420819258 3420819259 195.502
3420819258 3420380586 193.475
3420819259 3420798345 71.155
3420819259 3420819288 74.192
3420819259 3420819258 195.502
3420819260 3420819279 65.54
3420819260 3420819272 63.11
3420819260 3420819261 268.501
3420819261 3420819278 65.4
3420819261 3420819273 64.738
3420819261 3420819265 92.68
3420819261 3420819260 268.501
3420819262 3420819276 73.288
3420819262 3424110107 71.674
3420819262 3420798409 66.596
3420819263 3420819264 62.047
3420819263 3420819269 69.462
3420819263 3420819268 91.022
3420819264 3420819265 64.541
3420819264 3420819263 62.047
3420819264 3424110107 101.913
3420819265 3420798409 67.975
3420819265 3420819261 92.68
3420819265 3420819264 64.541
3420819266 3420819274 30.526
3420819267 3420819272 63.453
3420819267 3420819268 269.731
3420819267 3420819274 67.915
3420819267 6212198955 621.4620000000001
3420819268 3420819273 63.41
3420819268 3420825694 63.886
3420819268 3420819263 91.022
3420819268 3420819267 269.731
3420819269 3424110107 73.952
3420819269 3420825696 72.595
3420819269 3420819263 69.462
3420819270 3420819271 27.825
3420819271 3420819272 68.523
3420819271 3420819270 27.825
3420819271 3420819275 126.532
3420819271 3420819274 62.08
3420819272 3420819260 63.11
3420819272 3420819267 63.453
3420819272 3420819273 267.897
3420819272 3420819271 68.523
3420819273 3420819261 64.738
3420819273 3420819268 63.41
3420819273 3420819272 267.897
3420819274 3420819267 67.915
3420819274 3420819266 30.526
3420819274 3420819271 62.08
3420819275 3420819271 126.532
3420819275 3420819282 64.789
3420819275 3420819279 67.223
3420819276 3420819283 72.207
3420819276 3420819262 73.288
3420819276 3420819277 103.003
3420819277 3420819278 159.752
3420819277 3420819276 103.003
3420819277 3420819284 61.688
3420819277 3420798409 63.985
3420819278 3420819285 63.74
3420819278 3420819261 65.4
3420819278 3420819279 268.786
3420819278 3420819277 159.752
3420819279 3420819286 63.37
3420819279 3420819260 65.54
3420819279 3420819275 67.223
3420819279 3420819278 268.786
3420819280 3420380591 41.536
3420819280 3420380589 65.198
3420819280 3420798300 110.073
3420819280 3420819282 61.493
3420819281 3420819282 56.376
3420819282 3420819275 64.789
3420819282 3420819281 56.376
3420819282 3420819280 61.493
3420819283 3420798342 69.136
3420819283 3420819276 72.207
3420819283 3420819284 136.362
3420819284 3420819285 161.486
3420819284 3420819283 136.362
3420819284 3420798411 63.503
3420819284 3420819277 61.688
3420819285 4032370310 63.802
3420819285 3420819278 63.74
3420819285 3420798343 73.186
3420819285 3420819284 161.486
3420819286 3420798353 65.263
3420819286 3420819279 63.37
3420819286 3420380589 193.598
3420819286 3420798343 196.203
3420819287 3420819258 73.928
3420819287 3420798353 62.115
3420819287 3420819288 196.428
3420819287 3420380587 194.226
3420819288 3420819259 74.192
3420819288 3420798344 63.822
3420819288 3420819289 70.647
3420819288 3420819287 196.428
3420819289 3420819293 69.476
3420819289 4032370310 65.412
3420819289 3420819290 162.465
3420819289 3420819288 70.647
3420819290 3420819292 73.285
3420819290 3420798411 64.633
3420819290 3420819289 162.465
3420819290 3420798401 192.127
3420819291 3420819292 210.571
3420819291 3420819295 69.815
3420819291 3420798397 33.403
3420819292 3420819297 70.865
3420819292 3420819290 73.285
3420819292 3420819293 162.512
3420819292 3420819291 210.571
3420819293 3420819298 74.186
3420819293 3420819289 69.476
3420819293 3420819292 162.512
3420819294 3420798397 90.17
3420819294 3420819295 85.738
3420819294 3420798390 113.28999999999999
3420819295 3420819297 208.453
3420819295 3420819294 85.738
3420819295 3420819291 69.815
3420819297 3420798380 65.426
3420819297 3420819292 70.865
3420819297 3420819298 163.253
3420819297 3420819295 208.453
3420819298 3420798381 63.056
3420819298 3420819293 74.186
3420819298 3420798345 72.023
3420819298 3420819297 163.253
3420819299 3420798382 63.933
3420819299 3420819258 69.759
3420819299 3420819300 193.653
3420819299 3420798345 195.769
3420819300 3420380586 69.371
3420819300 3420380584 65.197
3420819300 3420819299 193.653
3420825693 3420825694 85.351
3420825694 3420819268 63.886
3420825694 3420798346 64.003
3420825694 3420825693 85.351
3420825694 3420825696 125.70400000000001
3420825696 3420819269 72.595
3420825696 3420798346 163.647
3420825696 3420825694 125.704
3420825698 3428045922 73.761
3420825698 3420825700 110.994
3420825698 3420798322 226.11200000000002
3420825699 3420798327 73.039
3420825699 3420798322 34.614
3420825699 3420825700 179.501
3420825700 3420798328 74.821
3420825700 3420825698 110.994
3420825700 3420825699 179.501
3420825701 3420825705 265.76800000000003
3420825701 2132552360 543.988
3420825705 3420797969 58.29
3420825706 3420797940 22.23
3420825706 7958489201 37.063
3420825706 3420797941 187.01999999999998
3420825708 3420797944 19.297
3420825708 3420797948 136.267
3420825708 3420797977 43.33
3420825714 7958050627 15.502
3420825714 3420825715 15.023
3420825714 3420797981 166.093
3420825715 3420825714 15.023
3420825715 3428045919 52.385000000000005
3420825715 7958050627 15.07
3420825718 3420797975 110.43
3420825718 3420797969 64.367
3420825718 3420798298 85.175
3420825718 3420797967 73.928
3420825723 7958582578 171.251
3420825723 3420846505 180.57600000000002
3420825723 3420825730 1207.6649999999997
3420825730 8034616176 165.881
3420825730 3420825723 1207.665
3420825730 8034569573 1086.4170000000001
3420827098 3420827099 10.916
3420827098 6443931096 88.595
3420827098 6443931097 223.945
3420827099 6443931095 75.058
3420827099 3420827098 10.916
3420827099 3420827102 225.496
3420827102 6443931095 174.665
3420827102 3420827104 60.84899999999999
3420827102 3420827099 225.49599999999998
3420827104 3420827111 84.861
3420827104 3420827106 225.22400000000002
3420827104 3420827102 60.849000000000004
3420827106 3420827113 189.59
3420827106 5935375789 753.907
3420827106 3420827104 225.22400000000002
3420827111 7958522554 278.406
3420827111 3420827104 84.861
3420827111 3420827113 120.979
3420827113 3420827106 189.59
3420827113 3420827111 120.979
3420827113 7958522554 173.984
3420827120 6443931092 32.602000000000004
3420838597 1568115630 140.705
3420838597 1568115868 63.87
3420838603 7860998066 199.011
3420838603 3420838604 14.888
3420838604 3420838603 14.888
3420838604 1940789094 25.692
3420838604 1568115571 885.391
3420843774 3428046309 56.569
3420843774 3420797924 148.952
3420843774 3420797973 26.552
3420843775 7958522570 23.677
3420843775 3420797932 117.552
3420843775 3420797922 83.88
3420846502 3420797957 181.742
3420846502 5935374284 66.119
3420846502 3420797950 131.725
3420846505 3420825723 180.576
3420846505 7958489201 186.85899999999998
3420846505 7958539796 845.4270000000002
3420851387 3420798346 63.304
3420851390 3420851392 13.974
3420851391 3420851392 100.204
3420851392 3420851391 100.204
3420851392 3420851390 13.974
3420851392 3420851494 86.512
3420851494 3420798303 42.737
3420851494 7958050627 60.208
3420851494 3420851392 86.512
3420851495 3420798331 64.515
3420851495 3420798300 249.38799999999998
3420851495 3420798328 148.96
3424110107 3420819262 71.674
3424110107 3420819269 73.952
3424110107 3420819264 101.913
3424110110 3424110118 80.915
3424110110 3424110114 48.578
3424110114 3424110118 48.870999999999995
3424110114 7591381734 499.12800000000004
3424110118 7591515226 1081.602
3424110123 7591392786 613.9730000000001
3424110123 7591392792 502.043
3424110123 7591776381 169.013
3424110128 7591353012 338.35999999999996
3424110128 7890802643 143.738
3424110128 7591515162 473.0180000000001
3424110130 3424110147 14.458
3424110130 3424110152 42.315
3424110130 7651488445 771.038
3424110141 3424110150 26.238
3424110141 3424110147 254.428
3424110141 3424110158 169.365
3424110143 3424110157 212.04900000000004
3424110143 3424110150 30.32
3424110143 3424110152 219.613
3424110147 3424110130 14.458
3424110147 3424110141 254.428
3424110150 3424110141 26.238
3424110150 3424110143 30.32
3424110150 7651176978 190.834
3424110152 3424110130 42.315
3424110152 3424110157 79.872
3424110152 3424110143 219.61300000000003
3424110157 3424110152 79.872
3424110157 7651251498 3448.2220000000007
3424110157 3424110143 212.04899999999995
3424110158 3424110141 169.365
3424124975 7651598794 335.295
3424124975 8144954605 128.209
3428045919 3428045920 121.6
3428045919 3428045922 62.916
3428045919 3420825715 52.385
3428045920 3428045919 121.6
3428045921 3428045922 96.096
3428045922 3420825698 73.761
3428045922 3428045921 96.096
3428045922 3428045919 62.916
3428046309 3420797986 60.144
3428046309 3420843774 56.569
3428046309 3420797979 139.921
3428052471 3428052478 9.535
3428052471 7860209772 872.674
3428052478 1568115571 16.506
3428052490 3428052897 8.656
3428052490 1568115536 24.887999999999998
3428052896 3428052911 266.134
3428052897 3428052490 8.656
3428052897 3428052911 55.016
3428052897 3428052899 35.941
3428052899 3428052907 205.405
3428052899 3428052897 35.941
3428052899 3428052908 82.566
3428052907 3428052908 104.578
3428052907 3428052899 205.40499999999997
3428052907 3428052914 216.146
3428052908 3428052907 104.578
3428052908 3428052911 107.807
3428052908 3428052899 82.566
3428052911 3428052896 266.134
3428052911 3428052897 55.016
3428052911 3428052908 107.807
3428052914 3428052907 216.146
3437763649 5935298937 760.249
3437763657 7437658030 320.508
3437763657 7437658020 524.977
3445891966 1940789133 102.77100000000002
3445891966 1940789086 18.902
3445891975 3445891966 11.798000000000002
3938803527 1940789107 86.085
3938803527 1940789135 99.693
3938803527 1940789121 124.71900000000001
3938803528 1940789132 38.842
3938803530 3938803531 188.604
3938803530 7860404219 64.312
3938803530 3938803532 63.977999999999994
3938803531 3938803530 188.604
3938803531 5958328652 66.752
3938803531 5958328664 63.753
3938803532 5958328664 175.187
3938803532 5958328647 64.409
3938803532 3938803530 63.977999999999994
3938803533 7860404219 8.019
3938803533 3938803535 70.785
3938803533 7818038150 2385.4350000000004
3938803535 7860404218 10.351
3938803535 3938803533 70.785
3938803535 5958328649 76.331
3938803538 7860479189 165.38700000000003
3938803538 5958328649 488.37
3938803538 1940789133 541.1980000000001
3938803995 1568115669 35.337
3938803995 1568115701 40.614
3938804592 3938804621 138.457
3938804621 3938804592 138.457
3938804621 3938804671 172.139
3938804621 1568115704 199.373
3938804661 3938804671 86.239
3938804671 3938804661 86.239
3938804671 3938804621 172.139
3938804671 3938804782 287.339
3938804782 7818038149 1427.628
3938804782 3938804671 287.33900000000006
3938804782 1568115759 590.366
4032370306 3437763649 92.521
4032370306 5958328877 51.942
4032370307 3420797942 63.866
4032370307 4032370308 65.032
4032370307 3420797945 139.761
4032370307 3420797944 153.552
4032370308 4032370307 65.032
4032370308 3420797949 65.975
4032370308 3420798307 122.639
4032370308 3420797946 167.763
4032370309 7958050625 61.768
4032370309 3420797922 105.987
4032370309 3420797932 85.051
4032370309 3420797931 82.154
4032370310 3420798411 162.852
4032370310 3420798344 71.394
4032370310 3420819289 65.412
4032370310 3420819285 63.802
4032370311 3420380540 65.54
4032370311 3420798384 62.748
4032370311 3420798412 163.156
4032370311 3420798385 266.686
5935233244 9727752988 29.765
5935233244 6806480302 9.343
5935233245 6786928639 26.268
5935233245 1568115536 1871.2180000000005
5935233245 5958329860 32.452
5935240057 6786928639 805.9839999999998
5935240057 1568115868 1187.6390000000001
5935240057 7915673764 980.634
5935298937 5958328881 568.7539999999999
5935298937 5958328994 625.8919999999999
5935330001 5958331566 11.832
5935330001 5935330021 23.352999999999998
5935330002 5935330021 11.587
5935330002 5935330058 37.552
5935330003 3420380544 18.966
5935330003 3420798354 283.45099999999996
5935330006 5935330001 34.73
5935330021 5935330029 29.477
5935330029 3420380560 35.641
5935330058 3420380584 51.871
5935330058 5935330029 17.789
5935374284 5935375786 199.81
5935374284 3420846502 66.119
5935374284 5935375789 36.293
5935375785 5935375787 63.684
5935375785 5935375786 12.776
5935375785 3420797945 166.976
5935375786 3420797957 62.587
5935375786 5935374284 199.81
5935375786 5935375785 12.776
5935375787 5935375790 12.924
5935375787 5935375795 165.169
5935375787 5935375793 66.664
5935375789 5935374284 36.293
5935375789 3420827106 753.9069999999999
5935375789 7958539796 43.477000000000004
5935375790 5935375787 12.924
5935375790 5935375786 64.347
5935375790 7958539796 198.92499999999998
5935375791 5935375794 10.088
5935375792 3420797943 55.358
5935375792 5935375795 63.949
5935375792 5935375793 162.07
5935375793 5935375792 162.07
5935375793 5935375794 12.299
5935375793 3420797955 26.795
5935375794 5935375790 65.949
5935375794 5935375793 12.299
5935375794 5935375791 10.088
5935375794 3420797956 25.947
5935375795 5935375787 165.169
5935375795 5935375792 63.949
5935375795 3420797945 64.747
5935375795 3420797942 151.855
5935375798 5935375800 27.837
5935375800 3420798324 134.836
5935375800 3420798324 352.15600000000006
5935375800 5935375798 27.837
5935375808 5958329033 62.546
5935375808 5935375809 11.408
5935375809 5958329023 206.761
5935375809 5935375808 11.408
5935375811 5935375809 62.633
5935375811 5935375812 204.813
5935375811 5958329033 11.215
5935375812 5935375811 204.813
5935375813 5935375811 62.188
5935375813 5935375814 205.183
5935375813 5958329031 11.942
5935375814 5935375813 205.183
5935375815 5958329027 12.576
5935375815 5935375813 71.654
5935375815 5935375826 292.14799999999997
5935375820 5935375826 36.562
5935375821 5935375815 56.33
5935375821 5935375826 263.063
5935375825 5935375826 62.677
5935375826 5935375820 36.562
5935375826 5935375825 62.677
5935375826 5935375815 292.148
5935375826 5935375821 263.063
5935402113 1940789995 38.216
5935402114 5935402130 139.931
5935402114 5935402118 24.229
5935402114 5935402115 45.095
5935402115 5935402114 45.095
5935402117 5935402125 13.659
5935402117 5935402128 43.81700000000001
5935402117 5935402131 218.73300000000003
5935402118 5935402131 21.397
5935402118 5935402114 24.229
5935402118 5935402129 149.377
5935402125 1940789085 71.217
5935402125 5935402117 13.659
5935402125 7860479189 130.762
5935402128 5935402129 75.3
5935402128 5935402117 43.817
5935402128 5935402131 124.93100000000001
5935402129 5935402118 149.377
5935402129 5935402130 17.344
5935402129 5935402128 75.3
5935402129 7860479189 62.342
5935402130 5935402114 139.931
5935402130 7860520120 56.215
5935402130 5935402129 17.344
5935402130 7860479189 67.34
5935402131 5935402118 21.397
5935402131 5935402117 218.733
5935402131 5935402128 124.93099999999998
5958322185 5958322198 139.599
5958322185 5958322186 65.46
5958322185 5958322194 63.121
5958322186 5958322199 155.485
5958322186 5958322200 68.135
5958322186 5958322185 65.46
5958322187 5958322188 40.226
5958322187 5958322189 35.65
5958322187 5958322202 31.501
5958322188 5958322187 40.226
5958322188 5958322218 463.97999999999996
5958322188 5958330510 1338.008
5958322189 5958322204 41.367
5958322189 5958322190 63.755
5958322189 5958322187 35.65
5958322189 5958322202 462.17500000000007
5958322190 5958322191 65.463
5958322190 5958322189 63.755
5958322190 5958322208 189.04
5958322190 5958322209 73.722
5958322191 5958322192 62.725
5958322191 5958322190 65.463
5958322191 5958322210 186.39
5958322191 5958322211 99.479
5958322192 5958322193 65.393
5958322192 5958322191 62.725
5958322192 5958322212 188.806
5958322192 5958322213 124.317
5958322193 5958322207 61.775
5958322193 5958322192 65.393
5958322193 5958322214 194.974
5958322193 5958322215 155.598
5958322194 5958322197 137.351
5958322194 5958322185 63.121
5958322194 5958322196 195.00900000000001
5958322196 5958322194 195.00900000000001
5958322197 5958322194 137.351
5958322198 5958322185 139.599
5958322199 5958322186 155.485
5958322200 5958322201 178.873
5958322200 5958322186 68.135
5958322200 5958322202 65.771
5958322201 5958322200 178.873
5958322202 5958322187 31.501
5958322202 5958322189 462.17499999999995
5958322202 5958322200 65.771
5958322204 5958322189 41.367
5958322207 5958322193 61.775
5958322207 5958322216 198.473
5958322207 5958322217 195.618
5958322208 5958322190 189.04
5958322209 5958322190 73.722
5958322210 5958322191 186.39
5958322211 5958322191 99.479
5958322212 5958322192 188.806
5958322213 5958322192 124.317
5958322214 5958322193 194.974
5958322215 5958322193 155.598
5958322216 5958322207 198.473
5958322217 5958322207 195.618
5958322218 5958322219 458.32
5958322218 7915589018 138.237
5958322218 5958322188 463.98
5958322219 5958322218 458.32
5958328647 5958328648 162.617
5958328647 3938803532 64.409
5958328647 5958328666 28.14
5958328648 5958328647 162.617
5958328648 5958328664 65.246
5958328648 5958328665 27.305
5958328649 7860404217 9.147
5958328649 3938803535 76.331
5958328649 3938803538 488.37
5958328650 7860404217 91.693
5958328652 7860404219 191.241
5958328652 3938803531 66.752
5958328652 7860404218 255.68199999999996
5958328664 3938803531 63.753
5958328664 5958328648 65.246
5958328664 3938803532 175.187
5958328665 5958328648 27.305
5958328666 5958328647 28.14
5958328667 5958329025 103.976
5958328667 5958329034 221.072
5958328877 7437740268 63.586
5958328877 3437763649 49.18300000000001
5958328881 7437657938 1153.1570000000002
5958328881 7437740243 349.09000000000003
5958328994 5958328667 766.005
5958329023 5958329026 11.692
5958329023 5958329026 100.478
5958329025 5958329396 845.288
5958329026 5958329034 11.953
5958329026 5958329025 262.26
5958329027 5935375815 12.576
5958329027 5958329028 90.291
5958329028 5935375821 41.214
5958329028 7860998066 585.7149999999999
5958329031 5935375813 11.942
5958329031 5958329027 73.64099999999999
5958329033 5935375811 11.215
5958329033 5958329031 60.751
5958329034 7860118490 10.661
5958329396 1447028913 649.5700000000002
5958329860 5958330517 491.402
5958329860 5935233244 19.09
5958330510 5958330517 118.165
5958330510 5958322188 1338.0079999999998
5958330517 5958330510 118.165
5958330517 5958330510 134.93
5958330517 5958329860 491.402
5958331533 3420380560 27.331
5958331533 3420798312 68.056
5958331533 3420797923 69.772
5958331566 3420380544 17.81
5958331566 5935330003 17.513
6212198955 3420819267 621.462
6212198962 3420825701 2262.992
6443931092 6443931097 78.805
6443931092 3420827120 32.602000000000004
6443931092 6443931095 293.45
6443931095 3420827099 75.058
6443931095 3420827102 174.665
6443931095 6443931092 293.45
6443931096 3420827098 88.595
6443931096 3420797989 289.71999999999997
6443931096 6443931097 215.99600000000004
6443931097 6443931092 78.805
6443931097 6443931096 215.996
6443931097 3420827098 223.945
6786928639 5935233245 26.268
6786928639 5935240057 805.984
6806480302 6786928639 15.562
6806480303 6806480302 28.672
7217681496 6212198962 439.406
7217681532 7217681496 33.73500000000001
7437657897 7437657898 401.3189999999999
7437657897 7437740228 74.966
7437657897 7437740229 429.601
7437657898 7437657897 401.319
7437657898 7437658007 593.4119999999999
7437657898 7437740229 282.324
7437657938 1447028482 683.7020000000001
7437657938 7437740229 635.4010000000001
7437657982 8505297702 42.73
7437657982 7437657995 20.93
7437657995 7437657998 783.061
7437657995 8505297702 29.375999999999998
7437657998 7437657995 783.0609999999999
7437657998 7437658007 839.7359999999999
7437657998 7437881143 418.95099999999996
7437658007 7437657898 593.4119999999999
7437658007 7437657998 839.7359999999999
7437658007 7437658080 598.3340000000001
7437658019 7437658020 112.138
7437658020 3437763657 524.9770000000001
7437658020 7651277347 1491.323
7437658020 7437658019 112.138
7437658029 7437658030 376.582
7437658030 7437658041 479.014
7437658030 3437763657 320.508
7437658030 7437658029 376.582
7437658041 7437740268 618.559
7437658041 7437658030 479.014
7437658041 7437740274 1326.105
7437658080 7437658007 598.3340000000001
7437658080 7437740274 291.459
7437658080 7437740243 265.149
7437740228 7437657897 74.966
7437740229 7437657898 282.324
7437740229 7437657938 635.401
7437740229 7437657897 429.60100000000006
7437740242 7437740243 158.543
7437740243 7437658080 265.149
7437740243 5958328881 349.09000000000003
7437740243 7437740242 158.543
7437740268 5958328877 63.586
7437740268 7437658041 618.559
7437740268 7437740274 1616.9840000000002
7437740274 7437658041 1326.1049999999998
7437740274 7437658080 291.459
7437740274 7437740268 1616.984
7437881143 7437657998 418.95099999999996
7437881157 8505297561 141.00400000000002
7437881168 7437881169 120.16300000000001
7437881169 7437881168 120.16299999999998
7437881169 7437890186 139.856
7437881169 7437890187 139.487
7437890186 7437881169 139.85600000000002
7437890187 7437890201 455.807
7437890187 7437881169 139.487
7437890187 7437890196 308.03099999999995
7437890188 7437890191 242.33
7437890191 7437890188 242.33
7437890191 7437890196 443.139
7437890191 7591776365 211.923
7437890196 7437890199 260.478
7437890196 7437890191 443.139
7437890196 7437890187 308.031
7437890199 7437890201 159.95600000000002
7437890199 7437890196 260.478
7437890199 7591353077 500.99800000000005
7437890201 7591353116 17.323
7437890201 7437890199 159.95600000000002
7437890201 7437890187 455.80699999999996
7437890217 3420819247 1286.25
7437890217 7437890222 169.444
7437890217 7651277382 1240.1449999999998
7437890222 7437890217 169.44400000000002
7437890222 8505297571 625.6370000000001
7591278278 3420819243 231.789
7591278278 3420819242 245.99699999999999
7591278278 7591381749 241.013
7591278284 7591381773 67.417
7591278284 3420819196 360.41299999999995
7591278284 3420819212 246.19299999999998
7591282324 2292171997 92.77
7591316813 7591316817 242.678
7591316817 7591316844 174.511
7591316817 7591316853 691.358
7591316817 7591316813 242.678
7591316821 7591316844 699.5790000000001
7591316844 7591508353 72.873
7591316844 7591316817 174.511
7591316844 7591316821 699.5790000000001
7591316845 7591316849 129.304
7591316849 3420819212 461.718
7591316849 7591508353 103.55300000000001
7591316849 7591316845 129.304
7591316853 7591316817 691.3580000000001
7591316853 3420819247 97.57499999999999
7591316853 7591352999 354.295
7591316889 7591316910 264.445
7591316910 3420819253 89.12100000000001
7591316910 3420819212 126.18399999999998
7591316910 7591316889 264.44499999999994
7591316911 7591316917 91.997
7591316917 2019010962 12.73
7591316917 7591316911 91.99699999999999
7591327281 7591352999 354.51700000000005
7591352999 7591327281 354.517
7591352999 7591353012 1022.2919999999999
7591352999 7591316853 354.295
7591353012 3424110128 338.36
7591353012 7591352999 1022.2919999999999
7591353012 7591392797 502.362
7591353025 7651251515 31.355
7591353025 7651251520 109.791
7591353025 7591353050 823.0349999999999
7591353034 7591776365 94.84199999999998
7591353034 7651251520 11.631
7591353034 7651241368 48.059
7591353050 7591353025 823.035
7591353050 7591353077 359.76000000000005
7591353050 7591392822 390.1909999999999
7591353071 7591353077 183.776
7591353077 7591353050 359.76000000000005
7591353077 7591353071 183.776
7591353077 7437890199 500.99799999999993
7591353100 7591353116 159.956
7591353116 7437890201 17.323
7591353116 7591353123 189.576
7591353116 7591353100 159.95600000000002
7591353117 7591353123 128.62
7591353123 3420819247 166.738
7591353123 7591353116 189.57600000000002
7591353123 7591353117 128.61999999999998
7591381712 7591392792 645.9189999999999
7591381713 7591381734 251.96399999999997
7591381734 7591392792 42.987
7591381734 3424110114 499.128
7591381734 7591381713 251.96400000000003
7591381749 7591381749 155.26599999999996
7591381749 7591381749 155.26600000000002
7591381749 7591278278 241.013
7591381772 7591381773 37.522
7591381773 7591381772 37.522
7591381773 7591278284 67.417
7591381773 7591381775 142.921
7591381775 7591381773 142.921
7591392786 7591515162 172.37299999999996
7591392786 3424110123 613.973
7591392786 7591515140 246.656
7591392792 7591381734 42.987
7591392792 3424110123 502.04299999999995
7591392792 7591381712 645.919
7591392797 7591392822 551.192
7591392797 7591392822 267.443
7591392797 7591353012 502.362
7591392822 7591392797 551.1919999999999
7591392822 7591392797 267.443
7591392822 7591353050 390.191
7591508349 7591508353 501.353
7591508353 7591316849 103.553
7591508353 7591316844 72.873
7591508353 7591508349 501.353
7591515140 7591392786 246.656
7591515147 7591515162 305.79299999999995
7591515162 3424110128 473.01800000000003
7591515162 7591392786 172.373
7591515162 7591515147 305.7929999999999
7591515206 7591515206 598.5320000000002
7591515206 7591515206 598.5320000000002
7591515206 7591515226 959.264
7591515226 7591515206 959.2640000000001
7591515226 6212199032 1409.284
7591542117 7890802644 125.834
7591776353 7591776365 248.845
7591776365 7437890191 211.923
7591776365 7591353034 94.84200000000001
7591776365 7591776353 248.84500000000003
7591776366 3420798324 37.47
7591776381 3424110123 169.013
7612197767 7614567962 609.806
7612197767 7613994382 1714.6500000000003
7612197767 7615079282 930.445
7612216217 7613994396 8.388
7612216217 7614567954 1066.326
7612216217 7614490266 551.0329999999999
7612267962 7612267971 96.47
7612267971 7612267972 112.875
7612267971 7612267962 96.47
7612267971 7612294310 451.40299999999996
7612267972 7612267971 112.875
7612267972 7612267977 150.221
7612267972 7612294289 442.859
7612267973 7612267977 123.306
7612267977 7612267973 123.306
7612267977 7612267978 54.821
7612267977 7612267972 150.221
7612267978 7612267977 54.821
7612294289 7861318794 421.971
7612294289 7612267972 442.85900000000004
7612294289 7860998074 430.03200000000004
7612294310 7613994396 15.967
7612294310 7614490180 149.945
7612294310 7612267971 451.403
7612294335 7612294345 542.091
7612294335 7613994395 256.99800000000005
7612294345 7612294335 542.0910000000001
7612294345 7614567886 277.84399999999994
7612294345 7614567932 103.62899999999999
7612294355 7614567886 20.569
7612294355 7614567950 401.181
7612294355 7614490204 375.7269999999999
7612294379 7614567950 670.087
7612294379 7614263427 232.27900000000002
7613994292 7613994382 5.847
7613994292 7614567954 435.90500000000003
7613994292 7614490149 1118.1770000000004
7613994294 7613994323 897.923
7613994323 7613994294 897.923
7613994323 7818038169 1226.846
7613994323 7615079282 602.98
7613994382 7613994292 5.847
7613994382 7612197767 1714.6500000000003
7613994382 7614567920 413.3059999999999
7613994395 7614567931 568.922
7613994395 7613994412 835.8190000000001
7613994395 7612294335 256.99800000000005
7613994396 7612216217 8.388
7613994396 7612294310 15.967
7613994396 7613994412 1019.933
7613994412 7613994396 1019.9329999999999
7613994412 7613994395 835.819
7613994412 7615562611 370.18600000000004
7614263427 7612294379 232.279
7614263427 7614490225 1028.902
7614490088 7614490102 59.417
7614490092 7614490102 264.504
7614490102 7614490088 59.417
7614490102 7614490092 264.504
7614490102 7614490107 179.079
7614490107 7614490102 179.079
7614490107 7860875059 891.6909999999999
7614490149 7613994292 1118.1770000000001
7614490173 7614490179 181.40300000000002
7614490179 7614490180 149.08800000000002
7614490179 7615543779 1010.9869999999999
7614490179 7614490173 181.403
7614490180 7614490181 80.199
7614490180 7612294310 149.945
7614490180 7614490179 149.08800000000002
7614490181 7614490180 80.199
7614490194 7614490204 141.42499999999998
7614490204 7614490194 141.42499999999998
7614490204 7612294355 375.727
7614490204 7614490225 324.10799999999995
7614490219 7614490225 117.045
7614490225 7614490219 117.045
7614490225 7614263427 1028.9019999999998
7614490225 7614490204 324.10799999999995
7614490266 7612216217 551.033
7614555271 7614567886 449.947
7614567886 7612294355 20.569
7614567886 7612294345 277.844
7614567886 7614555271 449.947
7614567908 7614567920 217.41699999999997
7614567920 7614567931 68.709
7614567920 7613994382 413.30600000000004
7614567920 7614567908 217.417
7614567921 7614567931 212.814
7614567931 7614567920 68.709
7614567931 7613994395 568.922
7614567931 7614567921 212.81399999999996
7614567932 7612294345 103.62899999999999
7614567934 7614567950 314.987
7614567950 7612294355 401.181
7614567950 7612294379 670.087
7614567950 7614567934 314.987
7614567951 7614567954 104.072
7614567954 7613994292 435.90500000000003
7614567954 7612216217 1066.326
7614567954 7614567951 104.072
7614567955 7614567962 116.39899999999999
7614567962 7612197767 609.806
7614567962 7614567955 116.39899999999999
7615079278 7615079282 423.631
7615079282 7615079278 423.631
7615079282 7613994323 602.98
7615079282 7612197767 930.445
7615543779 7614490179 1010.9870000000001
7615543779 7615562611 1934.3809999999999
7615562611 7615543779 1934.3810000000003
7615562611 7613994412 370.18600000000004
7651098609 8505297554 627.4789999999999
7651098609 8505297699 319.541
7651176978 3424110150 190.834
7651204579 7651212910 17.843
7651204579 7651212891 497.84900000000005
7651204579 7651212911 40.090999999999994
7651212891 7651204579 497.84900000000005
7651212891 7651488445 317.10900000000004
7651212910 7651212911 36.493
7651212910 7651204579 17.843
7651212910 7651488445 657.9949999999999
7651212911 7651212910 36.493
7651212911 7890802643 1620.534
7651212911 7651204579 40.090999999999994
7651241368 7591353034 48.059000000000005
7651241368 7651241370 72.61600000000001
7651241368 7651241374 33.778
7651241370 7651241368 72.616
7651241372 7651251514 21.031
7651241372 7651251515 18.83
7651241372 7651241374 55.393
7651241374 7651241372 55.393
7651241374 7651241368 33.778
7651241374 7651251520 34.072
7651251498 8505297700 605.6500000000001
7651251498 3424110157 3448.2219999999998
7651251498 7651272086 290.288
7651251514 7651241372 21.031
7651251514 7651251515 24.398
7651251514 7651272094 238.656
7651251515 7651241372 18.83
7651251515 7591353025 31.355
7651251515 7651251514 24.398
7651251520 7591353034 11.631
7651251520 7591353025 109.79100000000001
7651251520 7651241374 34.072
7651272085 7651272086 156.136
7651272086 7651272085 156.136
7651272086 7651272094 276.27
7651272086 7651251498 290.288
7651272094 7651272095 123.75899999999999
7651272094 7651251514 238.656
7651272094 7651272086 276.27
7651272095 7651272094 123.759
7651277347 7437658020 1491.3229999999999
7651277347 7651277357 551.69
7651277357 7651277347 551.69
7651277357 7651277360 191.988
7651277357 7651312590 110.529
7651277360 7651277357 191.988
7651277360 8505297603 259.13699999999994
7651277360 7651312601 307.774
7651277377 7651277382 140.40500000000003
7651277380 8505297701 29.99
7651277380 7651277382 85.148
7651277380 8505297550 13.29
7651277382 7651277377 140.405
7651277382 7651277380 85.148
7651277382 7437890217 1240.1449999999998
7651312590 7651277357 110.529
7651312601 7651277360 307.774
7651488445 3424110130 771.038
7651488445 7651212910 657.995
7651488445 7651212891 317.109
7651488457 8505297699 27.181
7651573717 7651598791 670.4759999999999
7651573717 7651598794 830.5659999999999
7651573717 8144954603 659.521
7651573737 7651598791 894.2819999999999
7651573737 8145274927 1413.808
7651598791 7651573737 894.2820000000002
7651598791 7651573717 670.476
7651598791 7958695445 1334.2889999999995
7651598794 3424124975 335.295
7651598794 7958619366 2443.9250000000006
7651598794 7651573717 830.566
7818038140 7818038385 15.419
7818038140 7818038150 1681.9590000000003
7818038140 7818038167 558.402
7818038149 3938804782 1427.628
7818038150 7818038140 1681.959
7818038150 3938803533 2385.435
7818038150 7860875082 1889.155
7818038167 7818038169 1113.626
7818038167 7818038140 558.402
7818038167 7860560288 761.5640000000001
7818038169 7818038167 1113.6259999999997
7818038169 7613994323 1226.8459999999998
7818038169 7860520097 1147.5149999999999
7818038385 7818038140 15.419
7818038385 7861318794 612.444
7860118490 5935375808 208.389
7860118490 5958329023 10.683
7860209772 3938803995 2.742
7860404216 7860404217 88.398
7860404217 5958328649 9.147
7860404217 5958328650 91.693
7860404217 7860404216 88.398
7860404217 7860404218 75.206
7860404218 3938803535 10.351
7860404218 7860404217 75.206
7860404218 7860404219 71.789
7860404218 5958328652 255.68200000000002
7860404219 3938803533 8.019
7860404219 5958328652 191.241
7860404219 7860404218 71.789
7860404219 3938803530 64.312
7860479189 5935402130 67.34
7860479189 3938803538 165.387
7860479189 5935402129 62.342
7860479189 5935402125 130.762
7860520097 7818038169 1147.515
7860520097 7860875080 676.169
7860520097 7861376756 705.703
7860520110 7861040110 9.789
7860520120 5935402130 56.215
7860539564 7860782661 668.837
7860539564 7861040110 583.839
7860560288 7818038167 761.564
7860782661 7860539564 668.837
7860782661 7860875082 423.91900000000004
7860782661 7861040094 854.6289999999999
7860875059 7861376756 357.02299999999997
7860875059 7614490107 891.6909999999999
7860875080 7860520097 676.169
7860875080 7861040110 532.801
7860875080 7860875082 1003.889
7860875082 7860782661 423.919
7860875082 7818038150 1889.1549999999997
7860875082 7860875080 1003.8890000000001
7860998065 7860998066 280.26300000000003
7860998066 3420838603 199.011
7860998066 5958329028 585.7149999999999
7860998066 7860998065 280.26300000000003
7860998074 7612294289 430.03200000000004
7861040094 7860782661 854.6289999999999
7861040110 7860520110 9.789
7861040110 7860875080 532.801
7861040110 7860539564 583.839
7861318794 7818038385 612.444
7861318794 7612294289 421.971
7861376756 7860520097 705.703
7861376756 7860875059 357.02299999999997
7890802643 7890802644 492.378
7890802643 7651212911 1620.5339999999999
7890802643 3424110128 143.738
7890802644 7890802643 492.378
7890802644 7591542117 125.834
7890802647 8034569573 2046.7050000000004
7890802656 1447028653 283.04999999999995
7890802656 7915941353 219.46200000000002
7890802677 9268891290 19.578
7890802677 9268891287 29.46
7890802677 7915589015 850.799
7890802678 9268891290 101.631
7890802678 9268891282 57.272
7890802678 7915673764 283.50899999999996
7915589015 1446566133 393.31499999999994
7915589015 7890802677 850.799
7915589015 7915589018 1234.884
7915589018 7915941353 653.037
7915589018 5958322218 138.237
7915589018 7915589015 1234.8839999999998
7915673762 7915673764 339.527
7915673764 5935240057 980.634
7915673764 7890802678 283.509
7915673764 7915673762 339.52700000000004
7915941353 7915589018 653.037
7915941353 7915941354 312.109
7915941353 7890802656 219.46200000000002
7915941354 7915941353 312.109
7958050620 3420798394 8.68
7958050620 3420380535 11.612
7958050625 3420797923 57.201
7958050625 2019011099 7.314
7958050625 4032370309 61.768
7958050627 3420825714 15.502
7958050627 3420825715 15.07
7958050627 3420851494 60.208
7958489201 3420825706 37.063
7958489201 3420846505 186.85899999999998
7958489201 3420797940 41.978
7958522554 7958695445 130.632
7958522554 3420827111 278.40600000000006
7958522554 3420827113 173.984
7958522566 3420797921 63.588
7958522566 3420797988 7.821
7958522567 3420797951 8.122
7958522567 7958522570 208.37099999999998
7958522569 7958522567 11.243
7958522570 3420797988 6.451
7958522570 3420843775 23.677
7958522570 7958522566 7.954
7958522572 7958522569 7.63
7958522572 7958522573 9.258
7958522573 7958522569 10.283
7958522573 3420797989 8.004
7958539796 5935375790 198.925
7958539796 3420846505 845.4270000000001
7958539796 5935375789 43.477000000000004
7958582578 3420825723 171.251
7958619346 7958050620 33.299
7958619346 7958619366 693.7339999999999
7958619366 7958695445 51.81
7958619366 7651598794 2443.9249999999997
7958619366 7958619346 693.7339999999998
7958695445 7958619366 51.81
7958695445 7958522554 130.632
7958695445 7651598791 1334.2889999999998
8034569573 8034616153 207.315
8034569573 7890802647 2046.705
8034569573 3420825730 1086.4169999999997
8034616147 8034616153 655.7719999999999
8034616153 8034569573 207.315
8034616153 8034616147 655.7719999999999
8034616176 3420825730 165.881
8144954603 7651573717 659.521
8144954605 3424124975 128.209
8145274927 7651573737 1413.8079999999998
8505297540 8505297541 37.188
8505297540 8505297534 46.86900000000001
8505297541 7651098609 558.13
8505297547 8505297541 46.87499999999999
8505297547 8505297534 39.652
8505297550 7651277380 13.29
8505297550 8505297554 42.847
8505297550 8505297701 28.616999999999997
8505297554 7437890222 1059.1580000000001
8505297554 8505297550 42.847
8505297561 7437881157 141.004
8505297561 8505297596 21.135
8505297563 8505297596 30.164
8505297563 8505297561 18.070999999999998
8505297564 7437657982 830.3719999999998
8505297571 8505297572 35.395
8505297571 8505297564 43.587
8505297572 1448081146 1295.313
8505297589 8505297564 49.003
8505297589 8505297572 45.681000000000004
8505297596 8505297603 847.9780000000001
8505297603 7651277360 259.137
8505297603 8505297547 1049.325
8505297699 8505297700 158.157
8505297699 7651488457 27.180999999999997
8505297699 7651098609 319.541
8505297700 8505297701 81.501
8505297700 8505297699 158.157
8505297700 7651251498 605.65
8505297701 8505297700 81.501
8505297701 7651277380 29.99
8505297701 8505297550 28.616999999999997
8505297702 8505297563 67.186
9268891272 9268891273 23.361
9268891273 9268891279 240.474
9268891273 9268891272 23.361
9268891273 9268891274 58.446
9268891274 9268891280 241.276
9268891274 9268891273 58.446
9268891274 9268891276 59.488
9268891276 9268891282 243.15
9268891276 9268891274 59.488
9268891276 9268891283 160.244
9268891279 9268891273 240.474
9268891279 9268891280 57.762
9268891279 9268891289 24.892
9268891280 9268891274 241.276
9268891280 9268891282 61.899
9268891280 9268891279 57.762
9268891281 9268891283 128.459
9268891281 9268891286 62.042
9268891281 9268891282 52.302
9268891282 7890802678 57.272
9268891282 9268891281 52.302
9268891282 9268891280 61.899
9268891282 9268891276 243.15
9268891283 9268891281 128.459
9268891283 9268891276 160.244
9268891283 9268891286 185.563
9268891286 9268891287 29.528
9268891286 9268891288 42.52
9268891286 9268891281 62.042
9268891286 9268891283 185.563
9268891287 9268891286 29.528
9268891287 7890802677 29.46
9268891287 9268891290 27.095
9268891288 9268891286 42.52
9268891289 9268891279 24.892
9268891290 7890802677 19.578
9268891290 7890802678 101.631
9268891290 9268891287 27.095
