684 1590 5
1403804360 -47.0590244 -22.582394
1403804439 -47.0646211 -22.585424
1403804441 -47.0650387 -22.5854665
1403804444 -47.0651809 -22.5854524
1403804457 -47.0655698 -22.5855253
1403804479 -47.0650127 -22.5856058
1403804481 -47.0652202 -22.5856176
1403804485 -47.0650309 -22.5856289
1403804488 -47.0651914 -22.585644
1403804505 -47.0650983 -22.5858981
1403804593 -47.0753307 -22.5870362
1403804741 -47.081602 -22.5893366
1403804922 -47.0649871 -22.5922378
1403804934 -47.0559119 -22.5922761
1403805168 -47.0738129 -22.5938524
1403805560 -47.0825891 -22.597313
1403805959 -47.0811131 -22.6004034
1403805962 -47.0809725 -22.600495
1403805965 -47.0795188 -22.6004489
1403805992 -47.0810946 -22.6005409
1403805994 -47.0808551 -22.6005742
1403806024 -47.0810853 -22.6007199
1403806026 -47.0809165 -22.6007405
1403806061 -47.0624927 -22.6009346
1403806066 -47.0813607 -22.6010064
1403806070 -47.0821937 -22.6010296
1403806154 -47.0809794 -22.6018488
1403806215 -47.0718912 -22.6027073
1403806326 -47.0796781 -22.6030967
1403806369 -47.0797589 -22.6032866
1403806374 -47.07952 -22.6033386
1403806468 -47.0712555 -22.6057136
1403806473 -47.0593759 -22.6058349
1403806515 -47.0771455 -22.6068204
1403806576 -47.0630241 -22.6087573
1403806595 -47.0629887 -22.6089232
1403806615 -47.0652919 -22.6093891
1403806625 -47.0663994 -22.6096171
1403806644 -47.0651565 -22.6099867
1403806649 -47.0684542 -22.6100143
1403806652 -47.0702577 -22.6102473
1403806653 -47.0662662 -22.6102027
1403806698 -47.0650278 -22.6105719
1403806700 -47.068297 -22.6106199
1403806739 -47.0661286 -22.6108024
1403806741 -47.0693136 -22.6108247
1403806745 -47.0429941 -22.6108271
1403806753 -47.0699961 -22.6109617
1403806754 -47.0668656 -22.6109516
1403806812 -47.0649027 -22.6111799
1403806820 -47.0681606 -22.6112108
1403806843 -47.0659918 -22.6114131
1403806850 -47.0691895 -22.6114235
1403806870 -47.0667327 -22.6115586
1403806873 -47.0698701 -22.6115658
1403806880 -47.048281 -22.6116843
1403806891 -47.0647771 -22.6117793
1403806894 -47.0680315 -22.6118267
1403806910 -47.0658516 -22.6119988
1403806915 -47.0696734 -22.6121595
1403806932 -47.0521625 -22.612278
1403806947 -47.0678915 -22.6124072
1403806966 -47.0687243 -22.6125787
1403806971 -47.0693914 -22.6127256
1403807011 -47.067396 -22.6137389
1403807020 -47.0679742 -22.6138667
1403807024 -47.0687026 -22.6140392
1403807033 -47.0617802 -22.6142429
1403807048 -47.0641307 -22.6141345
1403807050 -47.061728 -22.614436
1403807052 -47.0633255 -22.6145624
1403807059 -47.0655243 -22.6134761
1403807061 -47.0391172 -22.6146535
1403807070 -47.064555 -22.6148208
1403807109 -47.0667784 -22.6152627
1403807116 -47.0676036 -22.6154408
1403807118 -47.0650544 -22.6155304
1403807130 -47.0657681 -22.6156769
1403807136 -47.063063 -22.6157125
1403807145 -47.0636858 -22.615822
1403807150 -47.0671281 -22.6159575
1403807162 -47.0642988 -22.6159492
1403807166 -47.0613646 -22.6160016
1403807176 -47.0648954 -22.6160781
1403807189 -47.0656326 -22.616224
1403807204 -47.0612736 -22.6164411
1403807206 -47.0666984 -22.6164361
1403807225 -47.0769556 -22.616414
1403807228 -47.0647672 -22.6166403
1403807253 -47.0628342 -22.6167565
1403807261 -47.0654769 -22.6167994
1403807282 -47.0634514 -22.6168908
1403807286 -47.066182 -22.6168793
1403807306 -47.0660962 -22.6169338
1403807317 -47.0640555 -22.6170135
1403807365 -47.06467 -22.6171274
1403807368 -47.0654163 -22.6171529
1403807392 -47.0652627 -22.6171953
1403807402 -47.0801836 -22.6173232
1403807533 -47.0685258 -22.6179192
1403807545 -47.0610027 -22.618043
1403807599 -47.0683146 -22.6185702
1403807779 -47.0506139 -22.6206003
1403807884 -47.056506 -22.6215509
1403807920 -47.0602403 -22.6218784
1403807941 -47.0611712 -22.6218094
1403807948 -47.059523 -22.6219912
1403807951 -47.0601447 -22.6219638
1403807963 -47.0603042 -22.6220497
1403807978 -47.0598993 -22.622087
1403807987 -47.0600267 -22.6221108
1403808015 -47.0597027 -22.6222153
1403808033 -47.0596864 -22.6223709
1403808040 -47.0601303 -22.6224353
1403808073 -47.0601502 -22.6225379
1403808086 -47.0597525 -22.6225852
1403808131 -47.0598404 -22.6227175
1403808187 -47.0599555 -22.6227934
1403808206 -47.0586517 -22.6229786
1403808272 -47.0302717 -22.6228777
1403808353 -47.0596757 -22.6234559
1403808842 -47.0669691 -22.6250199
1403808974 -47.0415542 -22.6254776
1403809015 -47.0496881 -22.6255104
1403809034 -47.0591859 -22.6255737
1403809080 -47.057776 -22.625733
1403809282 -47.0521085 -22.6263185
1403809285 -47.0741631 -22.6263626
1403809286 -47.049546 -22.6263216
1403809330 -47.0495231 -22.6264765
1403809379 -47.0495638 -22.6267529
1403809382 -47.0589412 -22.6266353
1403809455 -47.0505448 -22.626701
1403809530 -47.0494025 -22.6270631
1403809568 -47.0504276 -22.6270744
1403809609 -47.0493819 -22.6271592
1403809660 -47.0621355 -22.6272556
1403809677 -47.062269 -22.6272837
1403809682 -47.0495858 -22.6273144
1403809686 -47.0493562 -22.627349
1403809688 -47.0499896 -22.6272853
1403809714 -47.0512848 -22.6274114
1403809717 -47.0485036 -22.6276232
1403809736 -47.0493737 -22.6275894
1403809776 -47.0492976 -22.6277631
1403809828 -47.0292946 -22.6283706
1403809843 -47.0501226 -22.6284717
1403809844 -47.0291047 -22.62845
1403809846 -47.0470995 -22.6282533
1403809875 -47.0294389 -22.6286215
1403809879 -47.0509571 -22.6286473
1403809891 -47.0584762 -22.6287392
1403809893 -47.0456764 -22.6287139
1403809899 -47.045977 -22.6287967
1403809915 -47.0290335 -22.6287342
1403809916 -47.0531347 -22.6292543
1403809926 -47.0291944 -22.6288153
1403809928 -47.0516339 -22.6288107
1403809935 -47.0455419 -22.6287776
1403809963 -47.0459105 -22.6290364
1403809967 -47.0454948 -22.6290164
1403809973 -47.0303571 -22.6292078
1403809980 -47.0490596 -22.6290967
1403809987 -47.0458054 -22.6290902
1403809999 -47.0499397 -22.6292913
1403810003 -47.044479 -22.6294738
1403810014 -47.0514411 -22.629652
1403810038 -47.0489059 -22.6299403
1403810040 -47.0529319 -22.6299849
1403810070 -47.0826789 -22.6303279
1403810087 -47.0599955 -22.6304386
1403810112 -47.0332406 -22.6305143
1403810125 -47.0580185 -22.6306027
1403810126 -47.0613248 -22.6306777
1403810135 -47.0614728 -22.6307112
1403810144 -47.0487484 -22.6307831
1403810163 -47.052702 -22.6308505
1403810170 -47.077104 -22.630875
1403810179 -47.0350702 -22.6309065
1403810224 -47.0253791 -22.6310739
1403810239 -47.0353612 -22.6311785
1403810308 -47.0567365 -22.6313009
1403810372 -47.0751648 -22.6314594
1403810380 -47.03907 -22.631447
1403810403 -47.0349762 -22.6314804
1403810442 -47.03688 -22.631528
1403810448 -47.0365153 -22.6314997
1403810477 -47.0597318 -22.6316052
1403810483 -47.0524625 -22.6316628
1403810495 -47.057764 -22.6316743
1403810550 -47.0265538 -22.6318418
1403810552 -47.0724464 -22.6318418
1403810556 -47.036327 -22.6318981
1403810628 -47.0563856 -22.6325811
1403810661 -47.0574584 -22.6328511
1403810677 -47.0585847 -22.6329551
1403810698 -47.065132 -22.6330277
1403810705 -47.0531377 -22.6330025
1403810720 -47.0519212 -22.633071
1403810722 -47.0523657 -22.6330655
1403810727 -47.0520103 -22.6330743
1403810729 -47.0650455 -22.633079
1403810739 -47.0518492 -22.6331231
1403810757 -47.0520896 -22.6332068
1403810785 -47.0519151 -22.6332991
1403810797 -47.0512006 -22.6334547
1403810803 -47.055248 -22.6334101
1403810826 -47.0289664 -22.6334758
1403810828 -47.0576937 -22.6335136
1403810831 -47.0530292 -22.6334954
1403810849 -47.0561205 -22.6335981
1403810880 -47.0482294 -22.6336404
1403810882 -47.0610428 -22.633691
1403810920 -47.0491633 -22.6338753
1403810936 -47.0575918 -22.6339278
1403810939 -47.0490246 -22.6339139
1403810953 -47.0550926 -22.6339596
1403810956 -47.0600832 -22.6339495
1403810975 -47.0484079 -22.6339742
1403810995 -47.0593419 -22.6340222
1403810996 -47.048497 -22.6340194
1403811021 -47.0481902 -22.6340702
1403811027 -47.0490811 -22.6340696
1403811032 -47.0593203 -22.6341356
1403811042 -47.0559634 -22.6341625
1403811071 -47.0589763 -22.6342307
1403811086 -47.0485237 -22.6342438
1403811097 -47.0482738 -22.6343031
1403811101 -47.0528414 -22.6343146
1403811115 -47.0608859 -22.6343699
1403811130 -47.0608095 -22.6344808
1403811136 -47.0602623 -22.63452
1403811147 -47.0603695 -22.6345754
1403811153 -47.0415077 -22.6344821
1403811213 -47.0607897 -22.6348373
1403811218 -47.0605063 -22.6348979
1403811230 -47.0557473 -22.634955
1403811247 -47.0604676 -22.6349401
1403811249 -47.0527109 -22.6350302
1403811273 -47.0867814 -22.6350948
1403811291 -47.055673 -22.6352258
1403811431 -47.0527673 -22.6359669
1403811446 -47.055454 -22.6360145
1403811458 -47.0527874 -22.6360496
1403811480 -47.0554155 -22.636139
1403811516 -47.0528463 -22.6364206
1403811532 -47.052861 -22.6365269
1403811551 -47.0552734 -22.6366599
1403811569 -47.0552484 -22.6367586
1403811846 -47.0525266 -22.6377303
1403811913 -47.0525185 -22.6378898
1403811983 -47.0513297 -22.6381787
1403812024 -47.0496335 -22.6384157
1403812032 -47.0513069 -22.6384155
1403812057 -47.0519127 -22.6384729
1403812094 -47.0497067 -22.6385555
1403812141 -47.0531276 -22.6386675
1403812164 -47.0487053 -22.6387252
1403812207 -47.0495042 -22.6387837
1403812212 -47.0537052 -22.6387895
1403812282 -47.0490997 -22.6389191
1403812283 -47.0543347 -22.6389282
1403812286 -47.0487422 -22.6389146
1403812317 -47.0512275 -22.6389876
1403812345 -47.0549002 -22.6390574
1403812372 -47.0555119 -22.6391278
1403812395 -47.0561294 -22.6391916
1403812409 -47.0566353 -22.6392484
1403812410 -47.0490636 -22.6392717
1403812413 -47.0477551 -22.6392377
1403812429 -47.057166 -22.6393058
1403812434 -47.0492008 -22.6393436
1403812477 -47.0511619 -22.6395491
1403812481 -47.0470811 -22.6395379
1403812487 -47.0604179 -22.6397984
1403812488 -47.0571031 -22.6398039
1403812499 -47.0476525 -22.6398243
1403812505 -47.0489947 -22.6399229
1403812516 -47.0491352 -22.6399163
1403812533 -47.0511001 -22.6401284
1403812535 -47.051704 -22.6401872
1403812539 -47.0489555 -22.6402322
1403812540 -47.0490944 -22.6402435
1403812541 -47.0459254 -22.640247
1403812548 -47.057278 -22.6402397
1403812550 -47.0570483 -22.6402512
1403812553 -47.0523155 -22.6402588
1403812560 -47.0463469 -22.6403401
1403812569 -47.0529085 -22.6403148
1403812574 -47.0469672 -22.6404045
1403812576 -47.0535192 -22.6403808
1403812585 -47.0475689 -22.6404806
1403812588 -47.0541272 -22.6404345
1403812592 -47.0456977 -22.6404754
1403812595 -47.0547411 -22.6405052
1403812601 -47.0492777 -22.6405473
1403812607 -47.05534 -22.6405667
1403812620 -47.0487551 -22.6406164
1403812630 -47.0559521 -22.6406264
1403812649 -47.0564699 -22.6406889
1403812653 -47.0534886 -22.6406868
1403812655 -47.0510313 -22.6406883
1403812662 -47.0488917 -22.6407339
1403812664 -47.0569835 -22.6407491
1403812671 -47.0490235 -22.6407535
1403812679 -47.05751 -22.6407984
1403812683 -47.0547115 -22.6408112
1403812693 -47.0580421 -22.6408545
1403812716 -47.0489864 -22.6410819
1403812723 -47.04749 -22.6411249
1403812735 -47.0488239 -22.6412081
1403812743 -47.0447013 -22.641254
1403812747 -47.0509646 -22.6412597
1403812749 -47.0456029 -22.641294
1403812761 -47.0462275 -22.6413534
1403812769 -47.0468308 -22.6414169
1403812772 -47.0569036 -22.6414501
1403812777 -47.0474499 -22.6414806
1403812795 -47.0571467 -22.6415251
1403812799 -47.0480741 -22.6415456
1403812855 -47.048737 -22.6418253
1403812870 -47.0488422 -22.641856
1403812872 -47.0508432 -22.6418435
1403812887 -47.0514962 -22.6419126
1403812891 -47.0519981 -22.6419734
1403812903 -47.0502892 -22.6420312
1403812906 -47.0521275 -22.6420505
1403812907 -47.0568177 -22.6421071
1403812910 -47.0519291 -22.642165
1403812928 -47.0508131 -22.6420842
1403812937 -47.0557751 -22.6421612
1403812940 -47.0525335 -22.6422663
1403812944 -47.0519152 -22.6423191
1403812955 -47.053168 -22.642327
1403812964 -47.0556342 -22.6423619
1403812978 -47.0537711 -22.6423849
1403812986 -47.0562605 -22.6424137
1403812997 -47.0485859 -22.642435
1403813004 -47.0543984 -22.6424485
1403813005 -47.0567749 -22.6424731
1403813014 -47.0571872 -22.642522
1403813022 -47.0550018 -22.6425181
1403813048 -47.0502477 -22.6425876
1403813050 -47.0557589 -22.6425594
1403813068 -47.0556094 -22.6427429
1403813071 -47.0518671 -22.6427368
1403813088 -47.0608955 -22.6429684
1403813097 -47.0485268 -22.6430193
1403813109 -47.0244115 -22.642968
1403813122 -47.0501652 -22.64317
1403813124 -47.0555511 -22.64318
1403813161 -47.0517866 -22.6433359
1403813192 -47.0484548 -22.6435728
1403813206 -47.0954453 -22.6436429
1403813230 -47.050117 -22.6437455
1403813248 -47.051733 -22.6438904
1403813265 -47.0938181 -22.6440933
1403813270 -47.0517075 -22.6441045
1403813274 -47.0483859 -22.6441467
1403813277 -47.0523244 -22.6441775
1403813289 -47.0529346 -22.6442493
1403813292 -47.0500217 -22.6443137
1403813293 -47.0535582 -22.6443149
1403813311 -47.0541617 -22.6443768
1403813317 -47.0547879 -22.6444498
1403813324 -47.0516565 -22.6444808
1403813332 -47.0554204 -22.6445128
1403813337 -47.0560336 -22.6445801
1403813368 -47.0483252 -22.644731
1403813401 -47.0565488 -22.644742
1403813410 -47.0499372 -22.6448842
1403813462 -47.0515754 -22.6450532
1403813517 -47.0482409 -22.6452931
1403813532 -47.0498648 -22.645435
1403813534 -47.0553084 -22.6454666
1403813552 -47.038566 -22.6457581
1403813558 -47.0515077 -22.6455972
1403813560 -47.0546445 -22.6456232
1403813572 -47.0521373 -22.6456578
1403813575 -47.0527402 -22.6457333
1403813579 -47.0533584 -22.6458113
1403813594 -47.0540048 -22.6458212
1403813597 -47.0406682 -22.646781
1403813601 -47.0481764 -22.6458559
1403813658 -47.0498005 -22.646018
1403813830 -47.0615141 -22.6466221
1403813858 -47.0328174 -22.6466523
1403815232 -47.0733184 -22.6516315
1403815442 -47.0366519 -22.6520814
1403816015 -47.0368494 -22.6532955
1403816554 -47.0685194 -22.6542632
1403817654 -47.0336922 -22.6556549
1403817931 -47.0988715 -22.656168
1403817975 -47.0311837 -22.6562007
1403818495 -47.0297463 -22.6569721
1403818709 -47.0317398 -22.6573229
1403818985 -47.0302659 -22.6579824
1403819112 -47.0998767 -22.6585658
1403819148 -47.0305315 -22.6584898
1403819301 -47.0284147 -22.658801
1403820474 -47.1047311 -22.6624532
1403820764 -47.0734978 -22.6661751
1403820933 -47.0751219 -22.6692552
1403820965 -47.0747222 -22.6696098
1403821018 -47.0730846 -22.6700954
1403821076 -47.0779891 -22.6712785
1403821168 -47.0815404 -22.6733661
1403821538 -47.0974807 -22.6793689
2264811538 -47.063939 -22.6146827
2264811542 -47.0651691 -22.6149542
2264811629 -47.0496414 -22.6269858
2264811661 -47.0426403 -22.6303403
2264811666 -47.035515 -22.6314924
2264811674 -47.0606149 -22.6347575
2956681091 -47.0514701 -22.579672
2956681092 -47.0542214 -22.5778755
3439656951 -47.0555823 -22.6282203
3439656952 -47.0557553 -22.6274666
4228651367 -47.0790346 -22.6155217
4228651369 -47.0764548 -22.6166119
4228651372 -47.077217 -22.616625
4228651379 -47.074341 -22.6172843
4228651390 -47.076069 -22.6167651
4228652358 -47.0583688 -22.6336184
5192728203 -47.0606465 -22.6180734
5192728204 -47.0608752 -22.6180525
5192728207 -47.0610439 -22.616892
5192728208 -47.0610037 -22.6171359
5192728212 -47.060531 -22.6164778
5192728213 -47.0609004 -22.6176894
5192728218 -47.0599593 -22.6164485
5192728219 -47.0611047 -22.6270543
5192728220 -47.0613582 -22.625937
5192743022 -47.0607433 -22.6254248
5192743023 -47.0609048 -22.6268149
5192743024 -47.0593095 -22.6250964
5192743025 -47.061104 -22.6249419
5192743029 -47.0599848 -22.6252589
5192743030 -47.0599124 -22.6256203
5192743033 -47.0533009 -22.6318316
5192743034 -47.0534935 -22.6310985
5192743035 -47.0393453 -22.6457507
5192743088 -47.0449983 -22.6413554
5192743091 -47.0446862 -22.6414071
5301548579 -47.0572362 -22.6281597
5301548580 -47.0569854 -22.6292655
5361642979 -47.0618548 -22.6138748
6443632377 -47.059557 -22.6247662
6443632378 -47.0642585 -22.6170513
6443632379 -47.0638445 -22.6189913
6443632383 -47.0647846 -22.6171516
6443632384 -47.0637212 -22.6169511
6443635287 -47.0650555 -22.618449
6443635288 -47.065832 -22.6170439
6443635290 -47.065722 -22.6177099
6443635301 -47.0419607 -22.6309036
6443635307 -47.0393131 -22.6316856
6443635379 -47.0434436 -22.6326272
6443635380 -47.0449846 -22.6324025
6443635388 -47.0448813 -22.6317427
6443635389 -47.0433598 -22.6319452
6443635395 -47.0447647 -22.6310818
6443635398 -47.0450891 -22.6330586
6443635400 -47.0451857 -22.6337183
6443635402 -47.0446573 -22.6306733
6443635403 -47.0435489 -22.6332808
6443635414 -47.0466649 -22.6322237
6443635415 -47.0465764 -22.6328636
6443635418 -47.0474093 -22.6315954
6443635420 -47.0473087 -22.6324292
6443635422 -47.0477875 -22.6325028
6443635428 -47.0477646 -22.6326142
6443635430 -47.0484233 -22.6325148
6443635432 -47.0482109 -22.6325585
6443635434 -47.0481878 -22.6326771
6443635440 -47.0483691 -22.6328161
6443635443 -47.0469293 -22.6325605
6443635449 -47.0468703 -22.6324028
6443635456 -47.0466701 -22.6324802
6443635463 -47.0467804 -22.6326376
6443635467 -47.0484339 -22.6356258
6443635469 -47.0489985 -22.6354866
6443635473 -47.0497287 -22.6353993
6443635477 -47.0496583 -22.6352653
6443635484 -47.0494453 -22.6353477
6443635587 -47.0494768 -22.6354712
6443635600 -47.050522 -22.6350397
6443635607 -47.0514031 -22.6340971
6443635608 -47.0494763 -22.6346408
6443635609 -47.0491926 -22.6347049
6443635610 -47.0484367 -22.6349232
6443635686 -47.0607887 -22.6462003
6443635780 -47.0578622 -22.6426876
6443635891 -47.0574273 -22.6426371
6659661971 -47.0499406 -22.6269201
6659678889 -47.0497107 -22.6272521
6659678892 -47.049321 -22.6275594
6659678899 -47.0491165 -22.6273942
6659678940 -47.076489 -22.61694
7690776471 -47.0611618 -22.6349645
7690821456 -47.060664 -22.6413029
7690821460 -47.0612255 -22.6461557
7690824693 -47.0854404 -22.6319815
7690852411 -47.0624431 -22.6420375
7690852412 -47.0628117 -22.6426246
7690985491 -47.0596069 -22.6339285
7690985498 -47.0594698 -22.6342989
7690985508 -47.0575122 -22.6326672
7691010719 -47.061 -22.6219183
7691010721 -47.0601239 -22.622448
7691010722 -47.0600199 -22.6222114
7691010732 -47.0587584 -22.62295
7691010733 -47.0588308 -22.6228709
7691110124 -47.0610476 -22.621849
7691194036 -47.0609863 -22.6254701
7691261476 -47.0591346 -22.6337973
7691269582 -47.0596174 -22.6342902
7691307931 -47.0604441 -22.6334379
7691415236 -47.0620558 -22.6282103
7691415237 -47.0630058 -22.6311901
7691468831 -47.0631255 -22.64313
7691509815 -47.0785095 -22.6448174
7691509844 -47.0807693 -22.6480516
7691509845 -47.0625623 -22.6474744
7691509865 -47.0643504 -22.6443134
7691607660 -47.0887893 -22.6283771
7691607670 -47.0887756 -22.6275588
7729934084 -47.0988085 -22.6559997
7730011718 -47.0914847 -22.6575022
7730237115 -47.0908027 -22.6571055
7730362101 -47.107653 -22.6635453
7730362115 -47.0986743 -22.6561674
7730580068 -47.0956618 -22.646923
7730580069 -47.0957796 -22.6470491
7730580083 -47.0960022 -22.6466978
7730596003 -47.0959961 -22.646596
7730596008 -47.0951628 -22.6471081
7730596012 -47.0960042 -22.6475144
7730596015 -47.0956206 -22.6450006
7730596023 -47.094856 -22.6464116
7730596028 -47.0966372 -22.6453818
7730596036 -47.0939378 -22.6440788
7730596042 -47.0952746 -22.6443632
7730639131 -47.0883945 -22.6279039
7730639143 -47.0887116 -22.6285604
7730639147 -47.0896044 -22.6284303
7730639233 -47.0908906 -22.6328841
7730639238 -47.0908121 -22.6322677
7735719919 -47.0436562 -22.5791718
7735764435 -47.0455518 -22.5838401
7735764436 -47.0429581 -22.5806552
7735764437 -47.0435248 -22.5791453
7735806744 -47.0461097 -22.5869933
7735970589 -47.053903 -22.5776985
7735970590 -47.0537896 -22.5778201
7735970591 -47.0538211 -22.5774375
7735970595 -47.0540948 -22.5776963
7735970604 -47.0539895 -22.5776004
7735970608 -47.0539179 -22.5776406
7735970614 -47.0539327 -22.5777537
7735970621 -47.0540473 -22.5777658
7824988879 -47.046679 -22.6324603
7825034303 -47.0492173 -22.6340229
7825034308 -47.0494571 -22.6353213
7825034319 -47.0468474 -22.6323942
7825225846 -47.0350737 -22.6314935
7825225847 -47.0352329 -22.6309699
7825225850 -47.0349051 -22.6314544
7825427389 -47.0483834 -22.6343226
7825427400 -47.0526413 -22.6350299
7825427401 -47.0526774 -22.6360409
7825427402 -47.0526645 -22.6359299
7825427411 -47.0492443 -22.6389009
7825427417 -47.052714 -22.637769
7825427421 -47.0528482 -22.6341712
7825427433 -47.0449906 -22.6412314
7825427434 -47.0448428 -22.6412142
7825427437 -47.048765 -22.6416282
7825496261 -47.0489153 -22.6416402
7825496265 -47.0557871 -22.642372
7825496270 -47.0556501 -22.6425602
7825496275 -47.0521193 -22.6420322
7825496278 -47.0520107 -22.6421956
7825806018 -47.0526173 -22.63766
7825960468 -47.0386229 -22.6314955
7825968005 -47.0308943 -22.6281437
7825968025 -47.0293888 -22.6284136
7829204005 -47.0292212 -22.6288256
7829218475 -47.052535 -22.6270439
7829218476 -47.0541376 -22.6274227
7829218477 -47.0531163 -22.6279047
7829218478 -47.0527602 -22.6278126
7829218479 -47.0530764 -22.6277805
7829218480 -47.052303 -22.6283659
7829218481 -47.052208 -22.6290105
7829224785 -47.0531881 -22.6271899
7829224787 -47.0537899 -22.6265568
7829224798 -47.053353 -22.6286011
7829260157 -47.0609397 -22.5918137
7829260160 -47.0649853 -22.5926625
7831616584 -47.0750146 -22.670838
7831651886 -47.076703 -22.6715508
7831709270 -47.0781622 -22.6710121
7831712398 -47.0734599 -22.6699613
7831768742 -47.0719233 -22.6664498
7832016943 -47.0288563 -22.6586278
7859519818 -47.070306 -22.6119025
7859519819 -47.0709233 -22.6112363
7859523230 -47.0359053 -22.6161749
7886168573 -47.0779295 -22.6709667
7886193590 -47.0737973 -22.6682895
7983873243 -47.0280539 -22.6281481
8000078020 -47.0643648 -22.6132384
8060301837 -47.0392388 -22.6455222
8060309035 -47.0520374 -22.646148
8540775047 -47.066191 -22.6125268
8540775048 -47.0660906 -22.612955
8540775049 -47.0659486 -22.6135604
8540775050 -47.0662941 -22.6120874
8540775051 -47.0646202 -22.6122024
8540775053 -47.0645164 -22.6126235
8540775055 -47.0672993 -22.6138523
8540775057 -47.0654151 -22.6139305
8540775058 -47.064246 -22.6136932
8540775060 -47.0653083 -22.614375
8540775063 -47.066921 -22.6142783
8540775065 -47.0676801 -22.6133102
8540775066 -47.0679268 -22.6129091
8540775068 -47.0681573 -22.6124619
8761476375 -47.0526122 -22.6378741
8761476377 -47.052576 -22.638042
8761476380 -47.0525234 -22.6385483
8761476385 -47.0522446 -22.6408385
8761476386 -47.0531608 -22.6409387
9217377393 -47.0468124 -22.6415302
9217377395 -47.0462068 -22.6414675
9217377398 -47.0455886 -22.6414035
9217377399 -47.0474347 -22.6415951
9217377402 -47.0482002 -22.6415607
9217377404 -47.0481786 -22.6416766
9496833874 -47.0763118 -22.6169954
9496833875 -47.0762101 -22.6170184
9496833876 -47.0763265 -22.6171316
9509336991 -47.0609369 -22.6462876
9509337009 -47.0605882 -22.6436067
9509337010 -47.060906 -22.6435308
9509337012 -47.0606559 -22.6430127
10316721643 -47.0682934 -22.5826269
10316721644 -47.0642683 -22.5831404
10316721645 -47.0638916 -22.5818915
10557713362 -47.0495621 -22.6262196
10557713367 -47.0501501 -22.6266099
10560126304 -47.0604041 -22.6267896
10560534621 -47.0478599 -22.6364688
10563852443 -47.0701679 -22.6103629
10564761583 -47.0496535 -22.6042373
10566473282 -47.0599767 -22.6135657
10567748185 -47.0809369 -22.6045845
10569084094 -47.0380141 -22.6453423
10666994080 -47.0482091 -22.6340456
10682083195 -47.019281 -22.6575814
10684353527 -47.0408704 -22.646511
10684353528 -47.0426599 -22.6467028
10886580384 -47.0765273 -22.6702984
10886580385 -47.0754383 -22.6699216
10922973174 -47.060182 -22.6344686
10978306223 -47.0608694 -22.6425894
10978306226 -47.0607026 -22.6419964
10978306227 -47.0608826 -22.6430801
10978306228 -47.0611114 -22.6432047
10978306232 -47.0615816 -22.6410452
10978306233 -47.0608036 -22.6419913
10978306237 -47.0619978 -22.6415169
10978306238 -47.060881 -22.6432706
10978306239 -47.0618664 -22.6430533
10978306241 -47.0609317 -22.6438701
10978306243 -47.0620807 -22.6436423
10978306246 -47.0609871 -22.6445101
10978306247 -47.0623092 -22.6442335
10978306248 -47.0634661 -22.6437377
10978306250 -47.0607407 -22.6413786
10978306252 -47.0607716 -22.6428766
10978306253 -47.060872 -22.643143
11015202268 -47.0605422 -22.6432829
1403804360 1403804934 1799.8289999999993
1403804360 1403804439 687.6020000000001
1403804360 2956681092 704.183
1403804439 1403804441 43.134
1403804439 1403804360 687.6020000000001
1403804441 1403804444 15.605
1403804441 10316721644 270.481
1403804444 1403804481 21.205000000000002
1403804444 1403804457 40.745000000000005
1403804457 1403804481 37.573
1403804457 1403804593 1017.953
1403804479 1403804441 16.912999999999997
1403804479 1403804439 45.663
1403804481 1403804488 4.167
1403804485 1403804479 3.176
1403804488 1403804485 17.976
1403804505 1403804922 705.052
1403804505 1403804485 30.729
1403804505 1403804488 30.121
1403804593 1403804741 698.509
1403804593 1403804457 1017.953
1403804593 1403805168 773.798
1403804741 1403804593 698.509
1403804741 1403805168 1109.746
1403804922 7829260160 47.225
1403804922 1403804505 705.0519999999999
1403804922 1403805168 924.1700000000001
1403804934 1403804360 1799.8290000000006
1403805168 1403804593 773.798
1403805168 1403806215 1004.21
1403805168 1403804922 924.17
1403805168 1403804741 1109.746
1403805560 1403805959 389.221
1403805959 1403805992 15.407
1403805959 1403805560 389.221
1403805962 1403805959 17.665
1403805962 1403805992 13.937000000000001
1403805965 1403805994 194.451
1403805992 1403806024 21.698999999999998
1403805994 1403805962 15.481
1403805994 1403805965 194.451
1403806024 1403806026 18.593999999999998
1403806024 1403806066 42.623000000000005
1403806026 1403805994 21.187
1403806026 1403806326 291.289
1403806061 7829260160 996.131
1403806061 1403806473 632.1179999999999
1403806061 1403806215 984.742
1403806066 1403806070 85.699
1403806066 1403806154 103.997
1403806066 1403806024 42.623000000000005
1403806070 1403806066 85.69900000000001
1403806154 1403806066 103.99700000000001
1403806215 1403806061 984.742
1403806215 1403805168 1004.21
1403806215 1403806468 340.60400000000004
1403806326 1403806369 25.169999999999998
1403806326 1403806026 291.289
1403806369 1403806374 28.991
1403806369 10567748185 236.72299999999998
1403806374 1403806326 45.14000000000001
1403806374 1403806515 458.53099999999995
1403806468 1403806215 340.60400000000004
1403806468 1403806515 617.5559999999999
1403806468 1403806652 514.424
1403806473 1403806932 1211.8280000000002
1403806473 1403806061 632.1179999999999
1403806473 1403807884 1772.216
1403806515 1403806374 458.531
1403806515 1403806468 617.556
1403806515 4228651369 1133.7530000000002
1403806576 1403806595 18.802
1403806595 1403806576 18.802
1403806595 1403806615 242.078
1403806595 5361642979 562.762
1403806615 1403806625 116.477
1403806615 1403806644 67.888
1403806615 1403806595 242.07799999999997
1403806625 1403806615 116.477
1403806625 1403806653 66.536
1403806625 1403806649 215.498
1403806644 1403806653 116.414
1403806644 1403806698 66.399
1403806644 1403806615 67.888
1403806649 10563852443 180.129
1403806649 1403806700 69.246
1403806649 1403806625 215.498
1403806652 10563852443 15.818
1403806652 1403806468 514.424
1403806652 7859519819 131.614
1403806653 1403806644 116.414
1403806653 1403806700 213.558
1403806653 1403806625 66.536
1403806653 1403806739 68.163
1403806698 1403806739 115.866
1403806698 1403806812 68.815
1403806698 1403806644 66.399
1403806700 1403806649 69.246
1403806700 1403806820 67.18
1403806700 1403806653 213.558
1403806700 1403806741 106.808
1403806739 1403806754 77.45
1403806739 1403806698 115.866
1403806739 1403806653 68.163
1403806739 1403806843 69.344
1403806741 1403806850 67.791
1403806741 1403806700 106.808
1403806741 1403806753 71.695
1403806745 1403806880 552.327
1403806753 1403806873 68.407
1403806753 1403806741 71.695
1403806753 10563852443 69.549
1403806754 1403806870 68.86
1403806754 1403806820 136.018
1403806754 1403806739 77.45
1403806812 1403806843 114.762
1403806812 1403806891 67.886
1403806812 1403806698 68.815
1403806820 1403806700 67.18
1403806820 1403806894 69.755
1403806820 1403806850 108.23
1403806820 1403806754 136.018
1403806843 1403806812 114.762
1403806843 1403806870 77.754
1403806843 1403806739 69.344
1403806843 1403806910 66.698
1403806850 1403806741 67.791
1403806850 1403806873 71.632
1403806850 1403806820 108.23
1403806870 1403806754 68.86
1403806870 1403806843 77.754
1403806870 1403806894 136.611
1403806873 1403806753 68.407
1403806873 1403806850 71.632
1403806873 1403806915 69.28999999999999
1403806880 1403806932 403.858
1403806880 1403806745 552.327
1403806880 10564761583 839.991
1403806891 1403806910 112.963
1403806891 1403806812 67.886
1403806891 8540775051 50.2
1403806894 1403806820 69.755
1403806894 1403806947 66.129
1403806894 1403806870 136.611
1403806894 1403806915 172.552
1403806910 8540775050 46.478
1403806910 1403806891 112.963
1403806910 1403806843 66.698
1403806915 1403806971 69.284
1403806915 1403806894 172.552
1403806915 1403806873 69.28999999999999
1403806932 1403806473 1211.8279999999997
1403806932 1403807779 938.972
1403806932 1403806880 403.858
1403806947 8540775068 27.953
1403806947 8540775050 167.78
1403806947 1403806894 66.129
1403806966 1403807020 162.604
1403806966 1403806971 70.397
1403806966 8540775068 59.632
1403806971 1403806915 69.284
1403806971 1403806966 70.397
1403806971 1403807024 162.281
1403807011 1403807020 61.028
1403807011 8540775055 16.048
1403807011 8540775065 55.881
1403807020 1403806966 162.604
1403807020 1403807109 197.893
1403807020 1403807024 77.189
1403807020 1403807011 61.028
1403807024 1403807116 192.393
1403807024 1403807020 77.189
1403807024 1403806971 162.281
1403807033 1403807050 22.13
1403807033 1403807052 162.548
1403807033 5361642979 41.641
1403807048 2264811538 65.095
1403807048 8540775058 50.477000000000004
1403807048 8540775060 123.799
1403807050 1403807033 22.13
1403807050 1403807166 178.038
1403807050 1403807166 436.33600000000007
1403807052 2264811538 64.378
1403807052 1403807033 162.548
1403807052 1403807136 130.693
1403807059 8540775057 51.754999999999995
1403807059 8540775049 44.551
1403807059 8000078020 121.91799999999999
1403807061 1403807779 1686.41
1403807061 7859523230 709.388
1403807061 7859523230 370.59900000000005
1403807070 2264811542 64.756
1403807070 2264811538 65.068
1403807070 1403807162 128.199
1403807109 1403807116 86.987
1403807109 2264811542 168.711
1403807109 1403807020 197.893
1403807116 1403807109 86.987
1403807116 1403807024 192.393
1403807116 1403807150 75.387
1403807118 1403807130 75.047
1403807118 1403807176 63.05
1403807118 2264811542 65.143
1403807130 1403807189 62.404
1403807130 1403807150 143.041
1403807130 1403807118 75.047
1403807136 1403807052 130.693
1403807136 1403807253 118.439
1403807136 1403807145 65.076
1403807145 1403807282 121.256
1403807145 2264811538 129.323
1403807145 1403807136 65.076
1403807145 1403807162 64.491
1403807150 1403807116 75.387
1403807150 1403807130 143.041
1403807150 1403807206 69.161
1403807162 1403807070 128.199
1403807162 1403807317 120.951
1403807162 1403807145 64.491
1403807162 1403807176 62.893
1403807166 1403807050 178.038
1403807166 1403807050 436.336
1403807166 1403807204 49.771
1403807176 1403807228 63.884
1403807176 1403807118 63.05
1403807176 1403807162 62.893
1403807176 1403807189 77.389
1403807189 1403807130 62.404
1403807189 1403807176 77.389
1403807189 1403807206 111.912
1403807204 1403807253 163.981
1403807204 1403807545 180.747
1403807204 1403807166 49.771
1403807206 1403807189 111.912
1403807206 1403807150 69.161
1403807206 1403807286 72.394
1403807225 4228651372 48.231
1403807225 4228651367 236.638
1403807228 1403807261 74.964
1403807228 1403807365 55.074
1403807228 1403807176 63.884
1403807253 1403807282 65.088
1403807253 1403807204 163.981
1403807253 1403807136 118.439
1403807261 1403807368 39.797
1403807261 1403807228 74.964
1403807261 1403807306 65.3
1403807282 6443632384 28.493
1403807282 1403807253 65.088
1403807282 1403807145 121.256
1403807286 1403807306 10.69
1403807286 1403807206 72.394
1403807286 1403807533 276.62899999999996
1403807306 1403807286 10.69
1403807306 1403807261 65.3
1403807306 6443635288 29.817999999999998
1403807317 6443632378 21.256
1403807317 6443632384 35.008
1403807317 1403807162 120.951
1403807365 6443632383 12.067
1403807365 6443632378 43.077
1403807365 1403807228 55.074
1403807368 1403807261 39.797
1403807368 6443635288 44.357
1403807368 1403807392 16.456
1403807392 1403807368 16.456
1403807392 6443635287 141.018
1403807392 6443632383 49.641
1403807402 1403810170 1540.5140000000001
1403807402 4228651372 316.64099999999996
1403807402 1403810070 1748.4769999999994
1403807533 1403807286 276.62899999999996
1403807533 7859519819 879.2289999999998
1403807533 1403807599 75.67500000000001
1403807545 1403807204 180.747
1403807545 1403807920 483.24399999999997
1403807545 5192728204 13.131
1403807599 1403808842 730.481
1403807599 4228651379 635.644
1403807599 1403807941 816.983
1403807599 1403807533 75.67500000000001
1403807779 1403807884 613.937
1403807779 1403809015 554.236
1403807779 1403806932 938.972
1403807779 1403807061 1686.41
1403807884 1403807779 613.937
1403807884 1403807948 313.577
1403807884 1403806473 1772.216
1403807920 1403807951 13.655
1403807920 1403807545 483.2440000000001
1403807920 1403807963 24.080000000000002
1403807941 7691010719 21.34
1403807941 1403807599 816.983
1403807948 1403807978 40.465
1403807948 1403807884 313.577
1403807951 1403807920 13.655
1403807951 1403807987 20.462
1403807963 7691110124 79.566
1403807978 1403807987 13.341
1403807978 1403807951 28.676000000000002
1403807987 7691010722 11.208
1403807987 1403807963 29.288999999999998
1403808015 1403807948 33.454
1403808015 1403807978 25.694
1403808033 7691010722 40.741
1403808033 1403808015 17.394
1403808040 7691010721 1.557
1403808073 1403808187 34.817
1403808073 1403809677 766.79
1403808086 1403808033 25.919999999999998
1403808086 7691010732 110.51599999999999
1403808131 1403808086 17.617
1403808131 7691010732 115.81700000000001
1403808187 1403808353 79.731
1403808187 1403808131 14.551
1403808206 1403809455 929.364
1403808206 7691010733 21.968999999999998
1403808272 1403809828 760.9189999999999
1403808353 5192743024 186.252
1403808353 1403808131 84.074
1403808842 1403809285 753.43
1403808842 1403807599 730.4810000000001
1403808842 1403810698 910.6169999999998
1403808974 1403810380 968.4240000000001
1403809015 1403807779 554.2360000000001
1403809015 10557713362 79.92399999999999
1403809015 1403809286 97.176
1403809034 1403809080 181.43900000000002
1403809034 1403809382 120.693
1403809034 5192743024 54.569
1403809080 1403809034 181.43900000000002
1403809282 1403809568 191.908
1403809282 1403809928 281.694
1403809282 7829224787 193.653
1403809285 1403808842 753.43
1403809285 9496833876 1050.712
1403809285 1403810552 647.631
1403809286 10557713362 11.462
1403809286 1403809330 17.384
1403809286 1403809015 97.17599999999999
1403809330 1403809286 17.384
1403809330 1403809379 31.264000000000003
1403809379 2264811629 27.130000000000003
1403809379 6659661971 44.571
1403809382 1403809891 238.765
1403809382 5192728219 226.89700000000002
1403809382 1403809034 120.693
1403809455 1403808206 929.364
1403809455 6659678889 105.87800000000001
1403809530 1403809330 66.4
1403809530 2264811629 28.486
1403809568 1403809843 158.495
1403809568 1403809688 50.704
1403809568 1403809282 191.908
1403809609 1403809530 10.916
1403809660 5192728219 108.139
1403809660 1403808187 745.328
1403809660 1403809677 14.053
1403809677 7691415236 105.33099999999999
1403809677 1403809660 14.053
1403809682 1403809686 23.877
1403809682 1403809609 29.984
1403809682 1403809736 37.663
1403809686 1403809609 21.269
1403809686 6659678899 25.115000000000002
1403809688 1403809682 45.161
1403809688 1403809736 71.709
1403809714 1403809879 142.885
1403809717 1403809846 160.24
1403809717 1403809530 112.15200000000002
1403809736 1403809776 20.834
1403809776 6659678892 22.777
1403809776 1403809980 150.29399999999998
1403809828 1403808272 760.9190000000001
1403809828 7825968025 11.187000000000001
1403809843 1403809568 158.495
1403809843 1403809999 93.049
1403809843 1403809879 87.847
1403809844 1403809875 39.474000000000004
1403809844 1403809828 22.323
1403809846 1403809717 160.24
1403809846 1403809899 130.092
1403809846 1403809963 149.935
1403809875 1403809973 114.68799999999999
1403809875 7829204005 37.894000000000005
1403809879 1403809843 87.847
1403809879 1403809928 71.8
1403809879 1403809714 142.885
1403809891 1403810125 212.471
1403809891 1403809382 238.765
1403809891 5301548579 142.653
1403809893 1403809899 35.398
1403809893 1403809846 155.09099999999998
1403809899 1403809967 55.192
1403809899 1403809846 130.092
1403809899 1403809963 30.327
1403809915 7983873243 119.929
1403809915 1403809844 36.403999999999996
1403809916 7829224798 76.01
1403809916 7829218481 98.9
1403809916 1403810040 83.866
1403809926 1403810550 455.17699999999985
1403809926 1403809915 18.844
1403809928 1403810014 95.618
1403809928 1403809879 71.8
1403809928 1403809282 281.694
1403809935 1403809893 15.538
1403809963 1403809987 12.335
1403809967 1403810003 116.001
1403809967 1403809899 55.192
1403809967 1403809935 28.912999999999997
1403809973 1403810112 329.68899999999996
1403809973 7829204005 124.205
1403809980 1403810038 95.121
1403809980 1403809999 92.884
1403809980 1403809776 150.29399999999998
1403809987 1403810003 142.679
1403809987 1403809967 35.748
1403809999 1403809843 93.049
1403809999 1403810014 159.23
1403809999 1403809980 92.884
1403810003 2264811661 211.887
1403810003 1403809967 116.001
1403810003 1403809935 133.816
1403810014 1403809928 95.618
1403810014 1403809999 159.23
1403810014 1403810040 157.441
1403810038 1403809980 95.121
1403810038 1403810144 95.099
1403810038 1403810163 402.539
1403810040 1403810163 99.1
1403810040 1403809916 83.866
1403810040 1403810014 157.441
1403810040 1403810308 419.93399999999997
1403810070 1403810170 587.706
1403810070 7690824693 339.79900000000004
1403810070 1403807402 1748.4769999999996
1403810087 1403810477 132.513
1403810087 1403810125 204.579
1403810087 1403810126 139.05700000000002
1403810112 1403809973 329.68899999999996
1403810112 1403810179 195.03900000000002
1403810125 1403810495 121.987
1403810125 1403809891 212.471
1403810125 1403810087 204.579
1403810126 1403809660 389.547
1403810126 1403810087 139.05700000000002
1403810126 1403810135 15.64
1403810135 1403810882 335.72799999999995
1403810135 1403810126 15.64
1403810144 1403810038 95.099
1403810144 6443635430 195.426
1403810144 1403810483 393.547
1403810163 1403810038 402.539
1403810163 1403810040 99.1
1403810163 1403810483 93.609
1403810170 1403810372 209.83999999999997
1403810170 1403810070 587.706
1403810170 1403807402 1540.514
1403810179 7825225847 18.191
1403810224 1403810550 147.737
1403810239 7825225846 50.971999999999994
1403810239 2264811666 38.399
1403810308 1403810495 113.335
1403810308 1403810040 419.93399999999997
1403810372 1403810552 282.224
1403810372 1403810170 209.84
1403810372 1403810729 3133.3080000000004
1403810380 7825960468 46.203
1403810380 2264811661 388.79499999999996
1403810380 1403808974 968.4239999999999
1403810403 7825225850 7.849
1403810442 1403810448 37.562
1403810442 7825960468 179.17000000000002
1403810448 2264811666 103.23899999999999
1403810448 1403810556 75.329
1403810477 1403810087 132.513
1403810483 5192743033 88.071
1403810483 1403810163 93.609
1403810483 1403810144 393.547
1403810495 7690985508 113.39
1403810495 1403810308 113.335
1403810495 1403810125 121.987
1403810550 1403810224 147.737
1403810550 1403809926 455.177
1403810550 1403810826 307.13599999999997
1403810552 1403810698 763.3579999999998
1403810552 1403810372 282.224
1403810552 1403809285 647.631
1403810556 1403811153 604.8900000000001
1403810628 5192743033 327.376
1403810628 1403810661 114.123
1403810628 1403810308 146.837
1403810661 7690985508 21.181
1403810661 1403810628 114.123
1403810661 1403810828 84.789
1403810677 7690985508 114.685
1403810677 7691307931 198.269
1403810698 1403810729 10.552
1403810698 1403810552 763.358
1403810698 1403808842 910.617
1403810705 1403810831 56.098
1403810705 1403810803 221.83599999999998
1403810705 1403810722 79.646
1403810720 1403810727 9.293
1403810720 1403810483 168.38099999999997
1403810722 1403810757 32.401
1403810722 1403810705 79.646
1403810727 1403810757 18.1
1403810727 1403810722 36.491
1403810729 1403810698 10.552
1403810729 7690776471 461.121
1403810729 1403810372 3133.308000000001
1403810739 1403810720 9.544
1403810757 1403810785 23.424
1403810785 1403810739 23.528000000000002
1403810785 1403810797 76.576
1403810797 6443635607 74.394
1403810797 7825034303 213.274
1403810803 1403810849 91.954
1403810803 1403810953 63.149
1403810803 1403810705 221.836
1403810826 1403813109 1154.3899999999999
1403810826 1403810550 307.13599999999997
1403810826 1403812743 1849.134
1403810828 4228652358 70.26
1403810828 1403810936 47.229
1403810828 1403810661 84.78899999999999
1403810831 7825427421 77.408
1403810831 1403810953 217.969
1403810831 1403810705 56.098
1403810849 1403810803 91.954
1403810849 1403811042 64.797
1403810849 1403810936 155.388
1403810849 1403810628 116.312
1403810880 1403810975 41.561
1403810880 6443635440 92.824
1403810882 1403811115 77.966
1403810920 7825034303 19.462
1403810920 1403810739 288.71299999999997
1403810936 1403811071 146.03
1403810936 1403810849 155.388
1403810939 1403810920 16.054000000000002
1403810953 1403811042 92.175
1403810953 1403810803 63.149
1403810956 7691307931 67.929
1403810975 1403810996 10.531
1403810995 7690985491 31.817999999999998
1403810995 7691261476 33.077999999999996
1403810996 1403811086 27.087000000000003
1403810996 1403810939 56.958999999999996
1403811021 10666994080 3.353
1403811027 1403810939 20.878
1403811027 1403811086 61.54900000000001
1403811032 1403810995 12.985
1403811042 1403810849 64.797
1403811042 1403811230 90.87
1403811071 1403810936 146.03
1403811071 1403811032 37.471000000000004
1403811086 7825427389 17.355999999999998
1403811097 1403811021 30.014999999999997
1403811097 1403810403 1461.326
1403811101 1403811249 80.788
1403811115 7690776471 80.378
1403811115 1403811130 14.633
1403811130 2264811674 36.681
1403811130 1403811147 47.573
1403811136 10922973174 10.1
1403811147 1403811136 12.631
1403811153 1403811021 700.445
1403811153 6443635307 384.597
1403811213 2264811674 20.016
1403811213 1403811218 30.477000000000004
1403811218 1403811247 6.148
1403811230 1403811042 90.87
1403811230 1403811291 31.062
1403811230 1403811101 306.618
1403811247 1403811136 53.572
1403811247 1403812487 552.596
1403811249 1403811291 304.778
1403811249 1403811431 104.533
1403811273 7690824693 384.157
1403811273 1403813265 1317.6280000000002
1403811273 7730639238 519.8240000000001
1403811291 1403811230 31.062
1403811291 1403811446 90.534
1403811431 1403811458 9.424
1403811431 1403811446 275.786
1403811446 1403811291 90.534
1403811446 1403811480 14.397
1403811458 1403811516 41.694
1403811458 7825427401 11.331
1403811480 1403811458 269.904
1403811480 1403811446 14.397
1403811480 1403811551 59.729
1403811516 1403811532 11.916
1403811516 1403811551 250.508
1403811532 7825427417 140.776
1403811551 1403811480 59.729
1403811551 1403811569 11.271
1403811569 1403811551 11.271
1403811569 1403811532 246.368
1403811569 1403812345 258.395
1403811846 7825806018 12.155
1403811913 1403811983 126.193
1403811913 1403811846 18.063000000000002
1403811983 1403812094 174.442
1403811983 1403812032 26.438
1403812024 1403811846 307.065
1403812024 1403812094 20.414
1403812032 1403812317 64.134
1403812032 1403812057 62.499
1403812032 1403811983 26.438
1403812057 1403812535 191.821
1403812057 8761476380 63.233
1403812057 1403812032 62.499
1403812094 1403812207 33.016999999999996
1403812141 1403812212 60.81
1403812141 1403812569 184.547
1403812141 8761476380 63.474000000000004
1403812164 1403812024 101.38
1403812207 1403812317 178.305
1403812207 7825427411 29.740000000000002
1403812212 1403812283 66.419
1403812212 1403812141 60.81
1403812212 1403812576 177.971
1403812282 1403812286 36.705
1403812283 1403812588 168.841
1403812283 1403812345 59.787
1403812283 1403812212 66.419
1403812286 1403812413 108.844
1403812286 1403812164 25.314
1403812317 1403812207 178.305
1403812317 1403812032 64.134
1403812317 1403812477 62.798
1403812345 1403812595 161.814
1403812345 1403812372 63.263
1403812345 1403812283 59.787
1403812345 1403811569 258.395
1403812372 1403812395 63.768
1403812372 1403812345 63.263
1403812372 1403812607 160.968
1403812395 1403812630 160.577
1403812395 1403812409 52.302
1403812395 1403812372 63.768
1403812409 1403812429 54.837
1403812409 1403812395 52.302
1403812409 1403812649 161.073
1403812410 1403812282 39.382
1403812410 1403812499 157.314
1403812413 1403812499 66.071
1403812413 1403812481 76.846
1403812429 1403812488 55.761
1403812429 1403812409 54.837
1403812429 1403812693 208.11800000000002
1403812434 1403812516 64.036
1403812434 1403812477 202.555
1403812477 1403812317 62.798
1403812477 1403812533 64.727
1403812477 1403812434 202.555
1403812481 1403812574 97.068
1403812481 1403812541 143.997
1403812487 10978306232 182.98499999999999
1403812487 7690821456 169.198
1403812487 1403811247 552.5960000000001
1403812488 1403812429 55.761
1403812488 1403812550 50.055
1403812488 1403812548 51.676
1403812499 1403812410 157.314
1403812499 1403812585 73.48
1403812499 1403812413 66.071
1403812505 1403812410 72.755
1403812505 1403812585 158.923
1403812516 1403812540 36.623
1403812516 1403812533 203.025
1403812533 1403812535 62.32
1403812533 1403812516 203.025
1403812533 1403812477 64.727
1403812533 1403812655 62.657
1403812535 1403812553 63.259
1403812535 1403812533 62.32
1403812535 1403812057 191.821
1403812535 1403812887 193.038
1403812539 1403812505 34.627
1403812539 1403812540 14.434000000000001
1403812540 1403812601 42.147
1403812541 1403812592 34.512
1403812541 1403812560 44.479
1403812548 1403812679 66.531
1403812548 1403812488 51.676
1403812548 1403812550 25.026000000000003
1403812550 1403812488 50.055
1403812550 1403812664 55.762
1403812550 1403812548 25.026000000000003
1403812553 1403812569 61.175
1403812553 1403812535 63.259
1403812553 8761476385 64.869
1403812560 1403812761 113.338
1403812560 1403812574 64.061
1403812560 1403812541 44.479
1403812569 1403812576 63.102
1403812569 1403812553 61.175
1403812569 1403812141 184.547
1403812574 1403812585 62.327
1403812574 1403812560 64.061
1403812574 1403812481 97.068
1403812574 1403812769 113.441
1403812576 1403812588 62.682
1403812576 1403812569 63.102
1403812576 1403812212 177.971
1403812576 1403812653 34.17
1403812585 1403812505 158.923
1403812585 1403812574 62.327
1403812585 1403812723 72.099
1403812585 1403812499 73.48
1403812588 1403812283 168.841
1403812588 1403812595 63.491
1403812588 1403812576 62.682
1403812592 1403812749 91.543
1403812592 7825427433 111.129
1403812595 1403812345 161.814
1403812595 1403812683 34.161
1403812595 1403812607 61.842
1403812595 1403812588 63.491
1403812601 1403812655 180.647
1403812601 1403812671 36.907
1403812607 1403812630 63.167
1403812607 1403812595 61.842
1403812607 1403812372 160.968
1403812620 1403812723 141.61
1403812620 1403812539 55.45400000000001
1403812630 1403812649 53.592
1403812630 1403812607 63.167
1403812630 1403812395 160.577
1403812630 1403812937 171.626
1403812649 1403812664 53.132
1403812649 1403812630 53.592
1403812649 1403812986 192.989
1403812649 1403812409 161.073
1403812653 1403812576 34.17
1403812655 1403812533 62.657
1403812655 1403812747 63.905
1403812655 1403812601 180.647
1403812662 1403812620 19.441
1403812664 1403812550 55.762
1403812664 1403812772 78.378
1403812664 1403812679 54.31
1403812664 1403812649 53.132
1403812671 1403812716 36.714
1403812671 1403812662 13.746
1403812679 1403812693 54.962
1403812679 1403812664 54.31
1403812679 1403812795 88.992
1403812679 1403812548 66.531
1403812683 1403812595 34.161
1403812693 1403812679 54.962
1403812693 1403813014 205.483
1403812693 1403812429 208.11800000000002
1403812716 1403812747 203.975
1403812716 7825496261 62.547
1403812723 1403812777 39.766
1403812723 1403812585 72.099
1403812723 1403812620 141.61
1403812735 1403812662 53.186
1403812735 1403812799 85.612
1403812743 7825427434 15.181
1403812743 5192743091 18.59
1403812743 1403810826 1849.1339999999996
1403812747 1403812655 63.905
1403812747 1403812716 203.975
1403812747 1403812872 66.857
1403812749 1403812592 91.543
1403812749 1403812761 64.439
1403812749 9217377398 12.266
1403812761 1403812560 113.338
1403812761 1403812769 62.315
1403812761 9217377395 12.864999999999998
1403812769 1403812777 63.929
1403812769 1403812574 113.441
1403812769 9217377393 12.739999999999998
1403812772 1403812664 78.378
1403812772 1403812907 73.585
1403812772 1403812795 29.878
1403812777 1403812723 39.766
1403812777 1403812799 64.465
1403812777 9217377399 12.827000000000002
1403812795 1403812907 72.994
1403812795 1403812679 88.992
1403812795 1403812772 29.878
1403812799 9217377402 13.05
1403812799 1403812735 85.612
1403812855 7825427437 25.812999999999995
1403812855 9217377404 60.37800000000001
1403812870 1403812855 11.645999999999999
1403812872 1403812887 67.453
1403812872 1403812928 26.942
1403812872 1403812747 66.857
1403812887 1403812535 193.038
1403812887 1403812891 51.952
1403812891 7825496275 14.879
1403812903 1403813048 62.015
1403812903 1403812870 149.911
1403812906 7825496278 23.348
1403812906 1403812964 364.20599999999996
1403812907 1403812772 73.585
1403812907 1403813005 40.934
1403812907 1403812795 72.994
1403812910 1403812891 27.949
1403812910 1403812928 115.775
1403812928 1403812903 54.087
1403812928 1403812872 26.942
1403812937 1403812630 171.626
1403812937 7825496265 23.522
1403812940 1403813277 213.597
1403812940 7825496278 54.294
1403812944 1403813071 46.708
1403812944 1403812910 17.194
1403812955 1403813289 215.088
1403812955 1403812940 65.464
1403812964 7825496265 16.87
1403812964 1403812937 27.167
1403812978 1403813293 215.716
1403812978 1403812955 62.227
1403812986 1403813005 53.202
1403812986 1403812649 192.989
1403812997 1403813048 171.384
1403813004 1403813311 215.789
1403813004 1403812978 64.764
1403813005 1403812907 40.934
1403813005 1403813014 42.66
1403813014 1403812693 205.48299999999998
1403813014 6443635891 28.069
1403813022 1403813317 215.914
1403813022 1403813004 62.406
1403813048 1403812903 62.015
1403813048 1403813122 65.311
1403813048 1403813071 167.016
1403813048 1403812997 171.384
1403813050 1403813068 25.572000000000003
1403813050 7825496270 11.512
1403813068 7825496270 20.74
1403813068 1403813124 48.97
1403813071 1403813161 67.127
1403813071 1403812944 46.708
1403813071 1403813048 167.016
1403813088 10978306252 16.306
1403813088 10978306227 12.491
1403813097 1403813122 168.973
1403813109 1403810826 1154.39
1403813122 1403813161 167.414
1403813122 1403813097 168.973
1403813122 1403813048 65.311
1403813122 1403813230 64.184
1403813124 1403813068 48.97
1403813124 1403813332 148.807
1403813124 1403813337 208.717
1403813161 1403813248 61.903
1403813161 1403813071 67.127
1403813161 1403813122 167.414
1403813192 1403813230 171.659
1403813206 7730596036 162.123
1403813206 7730596028 256.346
1403813230 1403813248 166.621
1403813230 1403813192 171.659
1403813230 1403813122 64.184
1403813230 1403813292 63.934
1403813248 1403813270 23.95
1403813248 1403813161 61.903
1403813248 1403813230 166.621
1403813265 7730596036 12.389
1403813265 1403811273 1317.628
1403813265 7730596023 279.035
1403813265 7691509844 1409.6200000000001
1403813270 1403813324 42.169
1403813270 1403813248 23.95
1403813270 1403813277 63.827
1403813274 1403813292 168.895
1403813277 1403813289 63.128
1403813277 1403813270 63.827
1403813277 1403812940 213.597
1403813277 1403813572 165.718
1403813289 1403813575 166.215
1403813289 1403812955 215.088
1403813289 1403813293 64.41
1403813289 1403813277 63.128
1403813292 1403813324 168.794
1403813292 1403813274 168.895
1403813292 1403813230 63.934
1403813292 1403813410 64.027
1403813293 1403812978 215.716
1403813293 1403813579 167.651
1403813293 1403813311 62.314
1403813293 1403813289 64.41
1403813311 1403813594 161.415
1403813311 1403813004 215.789
1403813311 1403813317 64.773
1403813311 1403813293 62.314
1403813317 1403813332 65.286
1403813317 1403813311 64.773
1403813317 1403813022 215.914
1403813317 1403813560 131.304
1403813324 1403813462 64.19
1403813324 1403813270 42.169
1403813324 1403813292 168.794
1403813332 1403813337 63.372
1403813332 1403813317 65.286
1403813332 1403813124 148.807
1403813332 1403813534 106.679
1403813337 1403813332 63.372
1403813337 1403813401 56.358000000000004
1403813337 1403813534 160.749
1403813368 1403813410 166.303
1403813401 1403813337 56.358000000000004
1403813410 1403813462 169.164
1403813410 1403813368 166.303
1403813410 1403813292 64.027
1403813410 1403813532 61.695
1403813462 1403813558 60.888
1403813462 1403813324 64.19
1403813462 1403813410 169.164
1403813517 1403813532 167.394
1403813532 1403813558 169.56
1403813532 1403813517 167.394
1403813532 1403813410 61.695
1403813532 1403813658 65.162
1403813534 1403813332 106.679
1403813534 1403813337 160.749
1403813534 1403813560 70.426
1403813552 10569084094 73.113
1403813552 1403813858 760.7909999999998
1403813552 5192743035 96.00200000000001
1403813558 1403813462 60.888
1403813558 1403813572 64.961
1403813558 1403813532 169.56
1403813558 1403813658 226.224
1403813560 1403813594 69.241
1403813560 1403813317 131.304
1403813560 1403813534 70.426
1403813572 1403813575 62.438
1403813572 1403813558 64.961
1403813572 1403813277 165.718
1403813572 8060309035 55.464
1403813575 1403813289 166.215
1403813575 1403813579 64.031
1403813575 1403813572 62.438
1403813579 1403813293 167.651
1403813579 1403813575 64.031
1403813579 1403813594 66.838
1403813594 1403813311 161.415
1403813594 1403813560 69.241
1403813594 1403813579 66.838
1403813597 10684353527 36.496
1403813597 5192743035 177.638
1403813597 1403815442 719.249
1403813601 1403813658 167.64
1403813658 1403813601 167.64
1403813658 1403813532 65.162
1403813658 1403813558 226.224
1403813830 7691509845 143.43599999999998
1403813830 9509336991 70.144
1403813858 1403813552 760.7909999999998
1403815232 7691509865 1268.1480000000001
1403815232 1403816554 572.9430000000001
1403815232 7691509844 866.6450000000001
1403815442 1403813597 719.249
1403815442 1403816015 141.08100000000002
1403815442 10682083195 2362.691
1403816015 1403817654 465.13
1403816015 1403815442 141.08100000000002
1403816554 1403820764 1447.8279999999997
1403816554 7691509845 988.2069999999999
1403816554 1403815232 572.943
1403817654 1403818709 319.815
1403817654 1403816015 465.13000000000005
1403817654 1403817975 269.637
1403817931 7730362115 20.236
1403817931 7729934084 19.799
1403817931 1403819112 286.008
1403817975 1403818709 137.212
1403817975 1403817654 269.637
1403817975 1403818495 171.25
1403818495 1403818985 124.351
1403818495 1403819301 255.995
1403818495 1403817975 171.25
1403818709 1403818985 168.083
1403818709 1403817975 137.212
1403818709 1403817654 319.815
1403818985 1403818709 168.083
1403818985 1403819148 62.658
1403818985 1403818495 124.351
1403818985 7832016943 161.487
1403819112 1403817931 286.008
1403819112 1403821168 2696.081
1403819112 1403820474 660.7769999999999
1403819148 1403818985 62.658
1403819301 1403818495 255.995
1403819301 7832016943 49.242
1403820474 1403821538 2022.861
1403820474 1403819112 660.777
1403820474 7730362101 335.847
1403820764 1403820933 381.12800000000004
1403820764 1403816554 1447.8279999999997
1403820764 7831768742 164.441
1403820933 1403820764 381.128
1403820933 7886168573 430.88800000000003
1403820933 1403820965 57.419
1403820965 10886580385 81.244
1403820965 1403820933 57.419000000000004
1403820965 7831712398 135.291
1403821018 7831616584 214.552
1403821018 7831712398 41.294
1403821076 7886168573 35.206
1403821076 7831709270 34.896
1403821076 1403821168 453.23900000000003
1403821168 1403819112 2696.0809999999997
1403821168 1403821538 1766.775
1403821168 1403821076 453.239
1403821538 1403820474 2022.8609999999996
1403821538 1403821168 1766.7749999999999
2264811538 1403807070 65.068
2264811538 1403807052 64.378
2264811538 1403807145 129.323
2264811538 1403807048 65.095
2264811542 1403807109 168.711
2264811542 1403807070 64.756
2264811542 1403807118 65.143
2264811542 8540775060 65.97
2264811629 6659678889 35.114000000000004
2264811629 6659661971 31.567999999999998
2264811661 1403810003 211.887
2264811661 1403810380 388.7950000000001
2264811661 6443635301 93.871
2264811666 7825225846 45.51
2264811666 1403810556 95.306
2264811674 1403811147 32.316
2264811674 1403811218 19.182
2956681091 7735806744 1078.176
2956681091 7735970590 315.289
2956681091 7735719919 810.8990000000002
2956681092 1403804360 704.183
2956681092 7735970621 21.674
3439656951 3439656952 85.668
3439656952 5301548579 170.416
3439656952 3439656951 85.668
3439656952 7829224787 225.71099999999998
4228651367 4228651372 223.379
4228651369 1403807225 55.916
4228651369 1403806515 1133.753
4228651372 1403807402 316.641
4228651372 6659678940 82.62700000000001
4228651379 4228651390 187.192
4228651379 1403807599 635.644
4228651390 4228651369 43.109
4228652358 1403810677 77.012
4228652358 1403810828 70.26
4228652358 7691261476 81.073
5192728203 5192728204 23.589
5192728204 5192728203 23.589
5192728204 1403807545 13.131
5192728204 5192728213 40.55
5192728207 5192728208 27.433
5192728208 5192728207 27.433
5192728208 5192728213 62.45399999999999
5192728208 5192728212 93.417
5192728212 5192728208 93.417
5192728213 5192728208 62.45399999999999
5192728213 5192728204 40.55
5192728213 5192728218 181.777
5192728218 5192728213 181.777
5192728219 1403809660 108.139
5192728219 5192728220 126.933
5192728219 1403809382 226.89700000000002
5192728220 5192728219 126.933
5192743022 10560126304 155.701
5192743022 5192743029 80.006
5192743022 7691194036 25.444
5192743023 7691194036 169.541
5192743024 5192743029 71.629
5192743024 1403809034 54.569
5192743024 1403808353 186.252
5192743025 7691194036 59.963
5192743025 5192743029 155.05900000000003
5192743025 6443632377 392.0999999999999
5192743029 5192743022 80.006
5192743029 5192743030 40.867
5192743029 5192743024 71.629
5192743029 5192743025 155.05900000000003
5192743030 5192743029 40.867
5192743033 1403810483 88.071
5192743033 1403810628 327.376
5192743033 5192743034 83.88
5192743034 5192743033 83.88
5192743035 1403813597 177.638
5192743035 8060301837 27.659
5192743035 1403813552 96.00200000000001
5192743088 5192743091 36.698
5192743091 10684353527 689.516
5192743091 1403812743 18.59
5301548579 3439656952 170.416
5301548579 5301548580 125.625
5301548579 1403809891 142.653
5301548580 5301548579 125.625
5361642979 1403807033 41.641
5361642979 1403806595 562.762
5361642979 10566473282 197.37200000000004
6443632377 5192743025 392.1
6443632378 1403807365 43.077
6443632378 1403807317 21.256
6443632378 6443632379 219.864
6443632379 6443632378 219.864
6443632379 6443632384 269.002
6443632379 6443632383 260.931
6443632383 1403807365 12.067
6443632383 1403807392 49.641
6443632383 6443632379 260.931
6443632384 1403807317 35.008
6443632384 1403807282 28.493
6443632384 6443632379 269.00199999999995
6443635287 1403807392 141.018
6443635288 1403807368 44.357
6443635288 6443635290 74.912
6443635288 1403807306 29.818000000000005
6443635290 6443635288 74.912
6443635301 6443635307 287.55
6443635307 6443635301 287.55
6443635307 7825960468 74.735
6443635307 1403811153 384.597
6443635379 6443635380 160.118
6443635379 6443635403 73.476
6443635379 6443635389 76.362
6443635380 6443635379 160.118
6443635380 6443635398 73.739
6443635380 6443635388 74.129
6443635380 6443635414 174.5
6443635388 6443635389 157.771
6443635388 6443635380 74.129
6443635388 6443635395 74.457
6443635388 6443635414 269.639
6443635389 6443635388 157.771
6443635389 6443635395 220.33
6443635389 6443635379 76.362
6443635395 6443635388 74.457
6443635395 6443635389 220.33000000000004
6443635395 6443635402 47.641
6443635398 6443635403 159.993
6443635398 6443635400 74.022
6443635398 6443635380 73.739
6443635398 6443635415 154.19
6443635400 6443635398 74.022
6443635400 6443635403 226.188
6443635400 6443635415 205.741
6443635402 6443635395 47.641
6443635403 6443635379 73.476
6443635403 6443635398 159.993
6443635403 6443635400 226.188
6443635414 6443635380 174.5
6443635414 6443635388 269.639
6443635414 7825034319 27.858
6443635415 6443635398 154.19
6443635415 6443635400 205.74099999999999
6443635415 6443635456 44.038999999999994
6443635418 6443635420 93.802
6443635420 6443635422 49.817
6443635420 6443635418 93.802
6443635422 6443635428 12.608
6443635422 6443635432 43.898
6443635428 6443635422 12.608
6443635428 6443635443 86.646
6443635430 6443635440 33.962
6443635430 1403810144 195.426
6443635432 6443635430 23.832
6443635434 6443635428 43.993
6443635434 6443635432 13.399
6443635440 6443635430 33.962
6443635440 1403810880 92.824
6443635440 6443635434 24.955000000000002
6443635443 6443635463 18.881
6443635449 6443635420 45.447
6443635449 6443635443 20.209999999999997
6443635456 7824988879 2.394
6443635463 6443635415 33.196
6443635463 6443635456 23.408
6443635467 6443635469 59.977
6443635469 6443635467 59.977
6443635469 6443635484 48.742
6443635473 6443635587 34.187
6443635477 6443635473 17.637
6443635477 6443635600 92.355
6443635484 7825034308 3.176
6443635587 6443635469 49.201
6443635587 6443635484 14.651
6443635600 6443635473 90.863
6443635600 6443635607 184.265
6443635607 1403810797 74.394
6443635607 6443635608 206.784
6443635607 6443635600 184.265
6443635608 6443635607 206.784
6443635608 6443635477 72.01599999999999
6443635609 6443635610 81.287
6443635609 1403811027 74.151
6443635610 6443635609 81.287
6443635686 9509336991 18.113
6443635780 9509337012 288.981
6443635891 6443635780 44.983
6443635891 6443635780 71.491
6659661971 1403809455 66.688
6659678889 1403809682 14.883000000000001
6659678892 1403809686 23.673
6659678892 6659678899 30.64
6659678899 1403809717 67.90899999999999
6659678940 9496833874 19.203
6659678940 9496833876 27.274
7690776471 1403810729 461.121
7690776471 1403811213 40.765
7690821456 10978306250 11.524
7690821456 1403812487 169.198
7690821460 9509336991 34.332
7690821460 1403813830 59.729
7690824693 1403810070 339.79900000000004
7690824693 1403811273 384.15700000000004
7690824693 7730639143 509.627
7690852411 10978306237 73.773
7690852411 7690852412 75.453
7690852411 10978306223 174.56300000000002
7690852412 7691468831 64.771
7690852412 7690852411 75.453
7690852412 10978306239 108.095
7690985491 1403810956 49.527
7690985491 7691269582 51.164
7690985498 1403811071 51.356
7690985498 1403811032 25.061999999999998
7690985508 1403810661 21.181
7690985508 1403810495 113.39
7691010719 1403808040 107.02399999999999
7691010719 1403808073 111.80600000000001
7691010721 1403808073 10.354
7691010721 1403808086 44.074999999999996
7691010722 1403808040 29.345
7691010722 7691110124 113.637
7691010732 1403808206 11.404
7691010733 1403808033 104.27199999999999
7691010733 1403808015 115.76799999999999
7691110124 1403807941 13.429
7691194036 5192743022 25.444
7691194036 5192743025 59.963
7691194036 5192743023 169.541
7691261476 7690985491 50.621
7691261476 4228652358 81.073
7691269582 7690985498 15.466999999999999
7691307931 1403810126 322.847
7691307931 1403810882 74.79100000000001
7691415236 1403810135 284.459
7691415236 7691415237 446.83799999999997
7691415237 7691415236 446.8380000000001
7691468831 7690852412 64.771
7691468831 10978306248 76.078
7691468831 10978306243 122.31
7691509815 7691509844 429.46
7691509844 1403815232 866.645
7691509844 1403813265 1409.6200000000003
7691509844 7691509815 429.46000000000004
7691509845 1403816554 988.2070000000001
7691509845 1403813830 143.43599999999998
7691509845 7691509865 487.15600000000006
7691509865 10978306248 112.931
7691509865 1403815232 1268.1480000000001
7691509865 7691509845 487.156
7691607660 7730639143 22.101
7691607660 7730639131 69.643
7691607660 7730639147 87.90700000000001
7691607670 7730639131 55.503
7729934084 1403817931 19.799
7729934084 7730596008 1057.3179999999998
7729934084 7730362115 24.467
7730011718 7730362115 765.188
7730011718 7831709270 2057.6679999999997
7730011718 7730237115 95.15700000000001
7730237115 7730011718 95.157
7730362101 1403820474 335.847
7730362115 1403817931 20.236
7730362115 7730011718 765.1879999999999
7730362115 7729934084 24.467
7730580068 7730580083 45.386
7730580068 7730596008 56.295
7730580068 7730580069 19.394
7730580069 7730596012 56.641
7730580069 7730580083 62.67
7730580069 7730580068 19.394000000000002
7730580083 7730596003 11.337
7730580083 7730580069 62.67
7730580083 7730580068 45.386
7730596003 7730580083 11.337
7730596008 7730596023 83.602
7730596008 7729934084 1057.318
7730596008 7730580068 56.295
7730596012 7730580069 56.641
7730596015 7730596023 232.425
7730596023 7730596008 83.602
7730596023 1403813265 279.035
7730596023 7730596015 232.425
7730596028 1403813206 256.346
7730596036 1403813265 12.389
7730596036 1403813206 162.123
7730596036 7730596042 163.817
7730596042 7730596036 163.817
7730639131 7691607660 69.643
7730639131 7691607670 55.503
7730639131 7730639143 285.246
7730639143 7690824693 509.62699999999995
7730639143 7691607660 22.101
7730639143 7730639131 285.246
7730639147 7691607660 87.90700000000001
7730639233 7730639238 74.151
7730639238 1403811273 519.824
7730639238 7730639233 74.151
7735719919 7735764437 13.809
7735719919 7735764435 567.82
7735719919 2956681091 810.8989999999999
7735764435 7735719919 567.8199999999999
7735764436 7735764437 177.69
7735764437 7735764436 177.69
7735764437 7735719919 13.809
7735806744 2956681091 1078.1760000000002
7735970589 7735970608 6.741
7735970590 7735970589 17.844
7735970590 2956681091 315.289
7735970591 7735970604 25.052
7735970595 2956681092 23.810000000000002
7735970595 7735970621 9.486
7735970604 7735970595 17.279999999999998
7735970608 7735970591 24.676
7735970608 7735970604 8.888
7735970614 7735970590 16.445
7735970614 7735970589 6.991
7735970621 7735970614 12.683000000000002
7824988879 6443635414 26.349
7824988879 7825034319 20.698
7825034303 1403811027 16.108
7825034303 6443635608 75.928
7825034308 6443635477 24.094
7825034308 6443635609 74.905
7825034319 6443635449 2.537
7825225846 1403810403 10.112
7825225847 1403810239 27.427999999999997
7825225847 1403810442 181.54500000000002
7825225850 1403810112 200.57
7825225850 1403810179 85.742
7825427389 1403811097 11.582999999999998
7825427389 10560534621 244.79399999999998
7825427400 1403811249 7.143
7825427400 7825427421 98.41300000000001
7825427401 7825427402 12.413
7825427402 1403811431 11.324
7825427402 7825427400 100.10900000000001
7825427411 1403812434 49.428
7825427411 1403812282 14.977
7825427417 8761476375 16.035
7825427421 1403810831 77.408
7825427421 1403811101 15.961
7825427433 1403812749 63.222
7825427433 5192743088 13.901
7825427434 1403812743 15.181
7825427434 1403812164 491.72900000000004
7825427434 7825427433 15.483
7825427437 1403812735 47.120000000000005
7825427437 7825496261 16.17
7825496261 1403812872 199.139
7825496261 1403812870 31.005
7825496265 1403813050 24.452999999999996
7825496265 1403812986 48.81
7825496270 1403812964 26.882
7825496270 1403813022 66.81400000000001
7825496275 1403812906 2.202
7825496278 1403812944 16.871
7825496278 1403812910 9.228
7825806018 7825427401 183.472
7825806018 7825427417 16.768
7825960468 1403810380 46.203
7825960468 1403810442 179.17000000000002
7825960468 6443635307 74.735
7825968005 7825968025 217.943
7825968025 1403809875 23.969
7825968025 7825968005 217.94299999999998
7829204005 1403809926 2.98
7829218475 7829224785 68.97
7829218476 7829218477 117.795
7829218477 7829218479 14.405
7829218477 7829224798 85.466
7829218477 7829218476 117.795
7829218478 7829218479 32.649
7829218479 7829218477 14.405
7829218479 7829218478 32.649
7829218479 7829224785 67.16
7829218480 7829224798 110.895
7829218481 1403809916 98.9
7829224785 7829218475 68.97
7829224785 7829224787 97.108
7829224785 7829218479 67.16
7829224787 7829224785 97.108
7829224787 1403809282 193.65300000000002
7829224787 3439656952 225.71099999999998
7829224798 1403809916 76.01
7829224798 7829218480 110.895
7829224798 7829218477 85.46600000000001
7829260157 7829260160 425.96299999999997
7829260160 1403804922 47.225
7829260160 1403806061 996.1310000000001
7829260160 7829260157 425.96299999999997
7831616584 1403821018 214.552
7831616584 10886580385 110.81700000000001
7831616584 7831651886 190.507
7831651886 7831616584 190.507
7831709270 7730011718 2057.6680000000006
7831709270 1403821076 34.896
7831709270 7886168573 27.298
7831712398 1403821018 41.294
7831712398 7886193590 207.59399999999997
7831712398 1403820965 135.291
7831768742 1403820764 164.441
7832016943 1403819301 49.242
7832016943 1403818985 161.487
7859519818 7859519819 97.481
7859519819 7859519818 97.481
7859519819 1403806652 131.61399999999998
7859519819 1403807533 879.2289999999998
7859523230 1403807061 370.59900000000005
7859523230 1403807061 709.3879999999999
7886168573 1403821076 35.206
7886168573 1403820933 430.888
7886168573 7831709270 27.298000000000002
7886193590 7831712398 207.594
7983873243 1403809844 113.32600000000001
8000078020 8540775058 52.02100000000001
8000078020 8540775053 70.122
8000078020 1403807059 121.91799999999999
8060301837 5192743035 27.659
8060309035 1403813572 55.464
8540775047 8540775048 48.715999999999994
8540775047 8540775050 49.992
8540775047 8540775051 165.223
8540775047 8540775066 183.602
8540775048 8540775049 68.878
8540775048 8540775047 48.716
8540775048 8540775053 165.737
8540775048 8540775065 168.22199999999998
8540775049 8540775048 68.878
8540775049 8540775055 142.725
8540775049 1403807059 44.551
8540775050 1403806947 167.78
8540775050 1403806910 46.478
8540775050 8540775047 49.992
8540775051 8540775053 48.021
8540775051 1403806891 50.2
8540775051 8540775047 165.223
8540775053 8000078020 70.122
8540775053 8540775051 48.021
8540775053 8540775048 165.737
8540775055 1403807011 16.048
8540775055 8540775049 142.725
8540775055 8540775063 61.255
8540775057 8540775060 50.628
8540775057 1403807059 51.755
8540775057 8540775058 122.871
8540775057 8540775063 160.552
8540775058 1403807048 50.477
8540775058 8000078020 52.021
8540775058 8540775057 122.871
8540775060 2264811542 65.97
8540775060 8540775057 50.628
8540775060 8540775063 184.59900000000002
8540775060 1403807048 123.799
8540775063 8540775057 160.552
8540775063 8540775060 184.599
8540775063 8540775055 61.254999999999995
8540775065 8540775048 168.22199999999998
8540775065 1403807011 55.881
8540775065 8540775066 51.28800000000001
8540775066 8540775047 183.602
8540775066 8540775065 51.288
8540775066 8540775068 55.204
8540775068 1403806966 59.632
8540775068 1403806947 27.953
8540775068 8540775066 55.204
8761476375 1403811913 9.773
8761476375 8761476377 19.036
8761476377 1403811913 18.036
8761476377 8761476380 56.568000000000005
8761476380 1403812057 63.233
8761476380 1403812141 63.474000000000004
8761476380 8761476377 56.568
8761476380 1403812553 191.392
8761476385 8761476386 94.684
8761476385 7825496275 133.447
8761476386 8761476385 94.684
9217377393 9217377395 62.54
9217377393 1403812769 12.739999999999998
9217377395 9217377398 63.841
9217377395 1403812761 12.864999999999998
9217377398 1403812749 12.266
9217377398 5192743088 60.849000000000004
9217377399 1403812777 12.827
9217377399 9217377393 64.27
9217377402 7825427437 58.447
9217377402 9217377404 13.079
9217377404 9217377399 76.879
9217377404 9217377402 13.079
9496833874 9496833875 10.748
9496833875 4228651379 194.42
9496833875 4228651390 45.519
9496833876 1403809285 1050.712
9496833876 9496833874 15.89
9509336991 6443635686 18.113
9509336991 9509337009 306.197
9509337009 11015202268 36.349000000000004
9509337010 10978306241 37.821
9509337010 9509337009 38.144
9509337012 10978306253 27.892
9509337012 10978306252 19.238
10316721643 10316721644 417.18
10316721644 10316721643 417.18
10316721644 10316721645 144.157
10316721644 1403804441 270.481
10316721645 10316721644 144.157
10557713362 1403809286 11.462
10557713362 1403809015 79.924
10557713362 10557713367 78.363
10557713367 10557713362 78.363
10560126304 5192743022 155.701
10560534621 7825427389 244.79399999999998
10563852443 1403806652 15.818
10563852443 1403806649 180.129
10563852443 1403806753 69.549
10564761583 1403806880 839.991
10566473282 5361642979 197.37199999999999
10567748185 1403806369 236.72299999999998
10569084094 1403813552 73.113
10666994080 1403810975 23.290999999999997
10666994080 1403810880 45.201
10682083195 1403815442 2362.6910000000007
10684353527 1403813597 36.496
10684353527 10684353528 184.876
10684353527 5192743091 689.516
10684353528 10684353527 184.876
10886580384 10886580385 119.333
10886580385 1403820965 81.244
10886580385 10886580384 119.333
10886580385 7831616584 110.81700000000001
10922973174 7691269582 61.458999999999996
10922973174 1403810956 60.199
10978306223 7690852411 174.563
10978306223 1403813088 42.325
10978306226 10978306233 10.381
10978306226 7690821456 78.223
10978306227 10978306228 27.263
10978306227 10978306253 7.078
10978306228 10978306238 24.754
10978306228 10978306239 79.289
10978306232 1403812487 182.98499999999999
10978306232 10978306237 67.646
10978306232 10978306250 94.28
10978306233 10978306226 10.381
10978306233 10978306223 66.848
10978306233 10978306237 136.528
10978306237 10978306232 67.646
10978306237 7690852411 73.773
10978306237 10978306233 136.528
10978306238 9509337010 29.046
10978306239 10978306243 69.088
10978306239 10978306228 79.289
10978306239 7690852412 108.095
10978306241 10978306243 120.793
10978306241 10978306246 71.393
10978306243 10978306239 69.088
10978306243 10978306247 69.796
10978306243 10978306241 120.793
10978306243 7691468831 122.31
10978306246 7690821460 185.235
10978306246 10978306247 139.21800000000002
10978306247 10978306243 69.796
10978306247 10978306248 130.901
10978306247 10978306246 139.21800000000002
10978306248 7691468831 76.078
10978306248 10978306247 130.901
10978306248 7691509865 112.931
10978306250 10978306233 68.434
10978306250 10978306232 94.28
10978306252 10978306226 98.13
10978306253 10978306238 14.219
11015202268 1403813050 505.25899999999996
11015202268 9509337012 34.293
