341 815 20
1404823483 -46.8771177 -22.8838554
1404823498 -46.9059185 -22.8965709
1404823527 -46.8773322 -22.8844831
1404823607 -46.8822353 -22.8929848
1404824936 -46.8537607 -22.8834996
1404825006 -46.8545415 -22.8825882
1404828596 -46.9455618 -22.8912304
1404828604 -46.9512581 -22.90376
1473092208 -46.9440061 -22.8867752
1473092235 -46.9384727 -22.8880391
1473092260 -46.9384231 -22.8876363
1473092355 -46.9350113 -22.8807321
1473092463 -46.940197 -22.8892064
1556147319 -46.9437124 -22.8895631
1556147322 -46.9421989 -22.8904527
1556147339 -46.9435166 -22.8893136
1556147349 -46.9376305 -22.8909988
1556147389 -46.9443927 -22.8897679
1556147393 -46.9369951 -22.8892362
1556147404 -46.9446626 -22.8897166
1556147420 -46.9447078 -22.8884793
1556147422 -46.9447249 -22.8882294
1556147424 -46.9432725 -22.8872379
1556147428 -46.9437399 -22.887792
1556321940 -46.9477478 -22.8862773
1556322024 -46.9451632 -22.8860346
2511397897 -46.8423497 -22.8854162
2511397915 -46.8328941 -22.8969739
2511398123 -46.8330592 -22.8982789
2581658387 -46.9384378 -22.8878946
2581658404 -46.9369567 -22.8891979
2661289809 -46.8784655 -22.8871726
2661289827 -46.8722624 -22.8966004
2661289859 -46.9527943 -22.9057478
2661289896 -46.9397811 -22.9209381
2661289911 -46.9322848 -22.9280207
2661289921 -46.9374186 -22.9265706
2661289922 -46.9393492 -22.9273989
2661289923 -46.9379348 -22.9267926
2661289925 -46.9371631 -22.9281197
2661289926 -46.9375089 -22.9276862
2661289927 -46.9385837 -22.9281466
2661289937 -46.9357658 -22.92623
2661289941 -46.9384856 -22.9242371
2661289943 -46.9406763 -22.9198604
2661290009 -46.9164092 -22.9124834
2661290021 -46.9283454 -22.9098658
2661290023 -46.9301773 -22.9088539
2661290038 -46.9383097 -22.8945477
2661290044 -46.9439042 -22.8902581
2661290045 -46.9437107 -22.8903495
2661290053 -46.9425024 -22.8901322
2661290058 -46.9430878 -22.8902142
2661290067 -46.943941 -22.8880064
2661370902 -46.9462957 -22.8857053
2661370903 -46.946976 -22.8855418
2661370904 -46.9470314 -22.8858312
3045753523 -46.8782491 -22.8364219
3045753548 -46.887671 -22.8431232
3045753566 -46.8818908 -22.8502146
3045753579 -46.8766176 -22.8559637
3045753604 -46.8690055 -22.8624293
3045753775 -46.8725885 -22.8780078
3059448865 -46.8192731 -22.8820764
3061697377 -46.8421339 -22.8870617
3061697525 -46.8630174 -22.8898164
3061697765 -46.8576115 -22.8946412
3061697775 -46.8436608 -22.8949025
3061697804 -46.8553497 -22.8977851
3063165964 -46.9080292 -22.8967479
3063166004 -46.9022202 -22.903132
3063166031 -46.9089617 -22.9043189
3063166767 -46.8933786 -22.9118876
3063166811 -46.9084055 -22.9148279
3063166949 -46.894262 -22.9180987
3063166957 -46.8979853 -22.9193282
3063166995 -46.9032071 -22.9249286
3063166997 -46.9036426 -22.9252571
3063167003 -46.9048294 -22.9266439
4543120846 -46.8448183 -22.8799704
4543191406 -46.9399459 -22.8869611
4756057517 -46.9218718 -22.8858776
5041930494 -46.9240681 -22.9306872
5041930495 -46.9289471 -22.928183
5041930515 -46.9235068 -22.9302599
5041930516 -46.9247728 -22.9300079
7123091996 -46.9268131 -22.9144346
7123092015 -46.9240298 -22.9208661
7123092019 -46.9231226 -22.921897
7133802207 -46.9259619 -22.9239258
7528972354 -46.9115916 -22.8909265
7528972361 -46.9132163 -22.8918809
7529000128 -46.9215941 -22.8919865
7715417716 -46.8963452 -22.8491161
7715502981 -46.9129709 -22.8909475
7715507799 -46.9191834 -22.8859492
7715507840 -46.9430385 -22.8892166
7715507841 -46.9432237 -22.8884702
7715507856 -46.943767 -22.8893877
7715507900 -46.9432483 -22.8912915
7715507913 -46.9430385 -22.8885658
7715507926 -46.9422164 -22.8895415
7739160083 -46.9268141 -22.8783622
7739170030 -46.9134152 -22.8668125
7739170053 -46.91771 -22.8714581
7739170274 -46.9381528 -22.8871557
7739170276 -46.9383976 -22.8875074
7739222116 -46.9374964 -22.8795509
7739313405 -46.8979445 -22.8708051
7739313590 -46.8880509 -22.8697844
7739842381 -46.891289 -22.8489637
7739929243 -46.8882456 -22.8685969
7739952805 -46.8844235 -22.8280416
7739952816 -46.8862575 -22.8277635
7739952821 -46.8879506 -22.8360118
7739952827 -46.8886567 -22.8364107
7740095218 -46.92535 -22.8751274
7740095238 -46.925059 -22.8757354
7740095258 -46.9226282 -22.8760436
7740095260 -46.9218323 -22.8762629
7740095261 -46.922932 -22.8763927
7740095262 -46.9222109 -22.8768806
7740095336 -46.9274227 -22.8685623
7740095344 -46.9261791 -22.8764575
7740095347 -46.9245654 -22.8764767
7740095350 -46.9261657 -22.8763022
7740095352 -46.9264517 -22.8764375
7740095359 -46.9248933 -22.8756612
7740095360 -46.9240129 -22.8712524
7740095372 -46.9234376 -22.8735248
7740095377 -46.9237911 -22.8728277
7740095391 -46.9246231 -22.8748827
7740095392 -46.9236012 -22.8766052
7740095396 -46.9242691 -22.8754598
7740095397 -46.9244608 -22.875634
7740095398 -46.9303322 -22.8714699
7740095406 -46.9297354 -22.8705694
7740095407 -46.9295684 -22.8704696
7740095408 -46.9295765 -22.8706623
7740095416 -46.9295986 -22.8695064
7740095417 -46.9295983 -22.8699041
7740095421 -46.9291636 -22.8717117
7740095436 -46.9274569 -22.8706234
7740095437 -46.926844 -22.8705135
7740095438 -46.9255605 -22.8694483
7740095444 -46.9248571 -22.8706691
7740095447 -46.9257248 -22.8704171
7740095453 -46.9261064 -22.8683152
7740095454 -46.9258797 -22.8681372
7740095467 -46.9268078 -22.8728019
7740095468 -46.9270854 -22.873104
7740095470 -46.9262365 -22.8740474
7740095471 -46.9263504 -22.8745077
7740095472 -46.9258784 -22.8746035
7740095473 -46.9256021 -22.8750359
7740095474 -46.9254445 -22.8752519
7740095475 -46.9250456 -22.875587
7740095476 -46.9246684 -22.8757375
7740095477 -46.9244508 -22.8758175
7740095480 -46.9274971 -22.8772216
7740095483 -46.9271437 -22.8762926
7740095486 -46.9279826 -22.876274
7740095493 -46.9273529 -22.8780731
7740095494 -46.9265763 -22.8782751
7740095495 -46.9276714 -22.8779885
7740095496 -46.9273958 -22.877876
7740095497 -46.9267541 -22.8773898
7740095504 -46.9239311 -22.8765576
7740095512 -46.9213401 -22.8758638
7740108023 -46.9255659 -22.8807716
7740108027 -46.9252414 -22.8814104
7740108030 -46.9250054 -22.880112
7740108060 -46.923951 -22.880846
7740108073 -46.9269037 -22.8791237
7740130995 -46.9255927 -22.8799382
7740131005 -46.9245742 -22.880672
7740222740 -46.9250538 -22.8822524
7740222773 -46.9225793 -22.8824236
7740222782 -46.9239331 -22.8808044
7740234977 -46.9182428 -22.863368
7742595938 -46.8931095 -22.8891968
7742596028 -46.8915957 -22.8814932
7742596093 -46.8948375 -22.8952194
7742596094 -46.8951847 -22.8960575
7742596121 -46.9090569 -22.8907165
7742596133 -46.9076217 -22.893495
7742624123 -46.9095719 -22.866296
7742634746 -46.8986933 -22.8704029
7742634753 -46.8972219 -22.870479
7742634807 -46.9085607 -22.8693964
7742634813 -46.9087961 -22.8670461
7742634822 -46.9131048 -22.8666291
7742634823 -46.913099 -22.8669077
7742683123 -46.8970299 -22.8516286
7742686180 -46.8967509 -22.8722842
7742741994 -46.895481 -22.8704111
7742741999 -46.9027242 -22.881686
7742742014 -46.9067684 -22.8802445
7742742017 -46.9038937 -22.8815043
7742742025 -46.9032311 -22.8837518
7743018364 -46.9086331 -22.8782436
7743018378 -46.9067468 -22.8801962
7743030687 -46.8857431 -22.888778
7772465726 -46.8718741 -22.8969457
7772804808 -46.8830676 -22.8954526
7772836006 -46.8830589 -22.8955923
7779847493 -46.869546 -22.8987667
7779847523 -46.8718902 -22.896525
7779880045 -46.8650467 -22.8959587
7779880046 -46.8646337 -22.8964637
7779880056 -46.8662502 -22.8959159
7779880070 -46.8637161 -22.8939473
7779902786 -46.8638335 -22.895431
7779902810 -46.8581338 -22.9000354
7779902812 -46.856306 -22.902054
7779902813 -46.8564749 -22.9020183
7779902822 -46.8577006 -22.9004777
7779902837 -46.8595272 -22.901261
7779902860 -46.866738 -22.8962397
7779944855 -46.8585818 -22.9003721
7779948086 -46.8604553 -22.8980501
7779948088 -46.8609334 -22.8979865
7780005009 -46.8376833 -22.9000163
7780113200 -46.8333918 -22.9032648
7780113207 -46.833943 -22.9043649
7780113208 -46.8320039 -22.9009513
7780113227 -46.8297663 -22.9038289
7780113228 -46.8296976 -22.9037735
7780113254 -46.8323256 -22.9043463
7780113268 -46.8307777 -22.9060362
7780113277 -46.829081 -22.9020331
7780136593 -46.8345076 -22.8984875
7780136602 -46.8426347 -22.9011942
7780136611 -46.8405458 -22.8979632
7780136618 -46.8402395 -22.9044414
7780136622 -46.8371361 -22.9006577
7780485441 -46.8832178 -22.8955447
7780485450 -46.8870591 -22.8940488
7780511327 -46.8890515 -22.8964082
7780511396 -46.8894714 -22.9066719
7780511425 -46.893162 -22.8974773
7780516171 -46.8924607 -22.9032648
7780644860 -46.8611559 -22.8989885
7822408125 -46.9354579 -22.8780336
7822408126 -46.9352929 -22.8790641
7822423626 -46.932338 -22.9080494
7822500804 -46.93663 -22.8865911
7822559279 -46.9371491 -22.9204377
7822571485 -46.9350494 -22.9202142
7845965007 -46.8807006 -22.8325149
7845965010 -46.8785441 -22.8347557
7845965054 -46.8815492 -22.8401896
7848285299 -46.8662623 -22.8288599
7848285305 -46.8671084 -22.8297871
7903422639 -46.9255872 -22.8801092
7903422640 -46.9269665 -22.8784949
7903422647 -46.9232807 -22.8793136
7903432497 -46.9182676 -22.8867863
7903432498 -46.9292486 -22.9136341
7903432510 -46.9019657 -22.9124749
7903432525 -46.9022227 -22.924664
7903432528 -46.903414 -22.923876
7903432529 -46.9023954 -22.924708
8111089400 -46.9529043 -22.9023234
8128243619 -46.9385364 -22.8951536
8128243621 -46.9387436 -22.895292
8128243623 -46.9391674 -22.8953742
8128243647 -46.9402926 -22.8936211
8128254379 -46.944281 -22.8914993
8128259769 -46.9445701 -22.8912793
8128259775 -46.9359809 -22.8898961
8128301724 -46.9321625 -22.8948769
8128301739 -46.9329581 -22.8958869
8437358205 -46.9432621 -22.8899914
8437358208 -46.9428054 -22.8927502
8437358211 -46.9423427 -22.8916727
8437369619 -46.9438643 -22.8922506
8885655875 -46.9365047 -22.9218329
8984847281 -46.9397025 -22.8948083
8984847293 -46.9393323 -22.8956237
8984847297 -46.9380543 -22.8964107
8984848373 -46.9443776 -22.8920767
8984848385 -46.9424504 -22.8886495
8984910037 -46.9335669 -22.8931639
8984928834 -46.9317202 -22.8953507
8984928835 -46.9309073 -22.8943211
8984928842 -46.9305201 -22.896948
8984973785 -46.9333463 -22.8959419
8984973787 -46.9330722 -22.8957722
8991722112 -46.9363524 -22.8786032
8991786670 -46.9433396 -22.8880577
9284067762 -46.8733493 -22.87792
9621578107 -46.8971532 -22.8711922
9701194698 -46.8930175 -22.8960739
9701194699 -46.8949225 -22.8954244
9701194708 -46.8941712 -22.8972402
9701194709 -46.891734 -22.8958251
9701230629 -46.8896225 -22.8927225
9701230630 -46.8891062 -22.8930042
9701230633 -46.8883335 -22.8924386
9701230634 -46.8858137 -22.8934147
9701230668 -46.8866057 -22.8888583
9701230694 -46.8944716 -22.897125
9701529562 -46.8864298 -22.8868643
9701529568 -46.8793759 -22.8810626
9701529598 -46.8804753 -22.8874631
9701529609 -46.8796492 -22.8854763
9701534347 -46.8881464 -22.8781224
9701534353 -46.8896484 -22.8779791
9701534358 -46.879009 -22.8885577
9701534363 -46.8783231 -22.8862663
9701534369 -46.8767953 -22.8842748
9701534380 -46.8793589 -22.88151
9701534381 -46.8791561 -22.8814354
9701534382 -46.8775137 -22.877427
9701534434 -46.8713641 -22.8748556
9701534446 -46.868208 -22.8829158
9701534502 -46.8574674 -22.8837763
9701534503 -46.850515 -22.8809719
9701534516 -46.8545812 -22.8802428
9701534536 -46.8429298 -22.8797374
9701534537 -46.846245 -22.883322
9701534854 -46.8620924 -22.8629125
9701534888 -46.8660289 -22.8499761
9701534920 -46.8635652 -22.8567934
9701534980 -46.8693334 -22.8523587
9701534993 -46.862346 -22.8557623
9701535007 -46.8656743 -22.8611873
9701535017 -46.8647682 -22.8587997
9701535026 -46.8625935 -22.8560903
9701535040 -46.8596996 -22.8568665
9701535082 -46.8654437 -22.8622748
9701535083 -46.8746221 -22.8474798
9701535120 -46.8895465 -22.8756166
9701567766 -46.830967 -22.9063445
9701567770 -46.8310958 -22.9068683
9701567771 -46.8313425 -22.9067659
9701567775 -46.8322384 -22.9063707
9701584695 -46.9095557 -22.8673365
9885009920 -46.9196179 -22.904134
9927050257 -46.8736561 -22.8874454
1404823483 9284067762 832.198
1404823483 1404823527 73.767
1404823483 9701534369 57.431
1404823498 7742596094 1653.1829999999998
1404823498 7742596133 404.78299999999996
1404823498 3063166004 977.0819999999998
1404823527 1404823483 73.767
1404823527 9701534363 227.24500000000003
1404823527 9701534369 64.906
1404823607 9701534358 738.603
1404823607 9701230634 468.66099999999994
1404823607 7772804808 313.58
1404824936 9701534502 518.193
1404824936 1404825006 129.681
1404824936 2511397897 1297.431
1404825006 9701534503 475.60699999999997
1404825006 3045753775 2043.286
1404825006 1404824936 129.68099999999998
1404828596 1404828604 1556.4419999999998
1404828596 1556147422 349.507
1404828596 8128259769 102.18
1404828604 8111089400 302.202
1404828604 2661289859 278.111
1404828604 1404828596 1556.4419999999998
1473092208 1556147424 91.075
1473092208 1556147422 177.68900000000002
1473092208 1556322024 144.515
1473092235 1473092463 220.414
1473092235 2581658387 16.539
1473092235 1556147393 213.50499999999997
1473092260 4543191406 175.661
1473092260 2581658387 28.762999999999998
1473092260 7739170276 14.682999999999998
1473092355 7739170274 885.7709999999998
1473092355 7903422640 1011.6510000000003
1473092355 7822408126 204.72700000000003
1473092463 1556147349 330.424
1473092463 1556147424 383.734
1473092463 1473092235 220.41400000000002
1556147319 7715507856 20.29
1556147319 1556147339 34.234
1556147319 2661290044 79.94
1556147322 2661290053 47.293
1556147322 8437358211 137.935
1556147322 7715507926 109.42899999999999
1556147339 1556147319 34.234
1556147339 7715507856 26.994
1556147339 7715507840 50.17
1556147349 8984973787 736.594
1556147349 1473092463 330.424
1556147349 1556147393 208.93199999999996
1556147349 2661290038 418.36199999999997
1556147389 1556147404 87.21000000000001
1556147389 1556147404 33.43
1556147389 7715507856 76.97099999999999
1556147393 1556147349 208.93200000000002
1556147393 2581658404 5.8020000000000005
1556147404 1556147420 138.598
1556147404 1556147389 87.21
1556147404 1556147389 33.43
1556147420 2661290067 96.56900000000002
1556147420 1556147422 27.853
1556147420 1556147404 138.598
1556147422 1404828596 349.507
1556147422 1473092208 177.68900000000002
1556147422 1556147420 27.852999999999998
1556147424 1473092208 91.075
1556147424 1556147428 78.08500000000001
1556147424 1473092463 383.734
1556147428 2661290067 31.508
1556147428 8991786670 50.542
1556147428 1556147424 78.08500000000001
1556321940 1556322024 276.648
1556321940 2661370903 159.725
1556322024 1556321940 276.648
1556322024 1473092208 144.515
2511397897 1404824936 1297.4310000000003
2511397897 2511397915 2100.56
2511397897 3061697377 186.813
2511397915 2511397897 2100.5599999999995
2511397915 2511398123 149.755
2511397915 7780136593 446.73300000000006
2511398123 2511397915 149.75500000000002
2511398123 7780113208 345.80999999999995
2511398123 7780136593 150.37199999999999
2581658387 1473092235 16.538999999999998
2581658387 1473092260 28.762999999999998
2581658404 2581658387 231.26
2581658404 8128259775 126.67699999999999
2661289809 9701534363 101.827
2661289809 9701534358 163.824
2661289809 2661289827 1354.0469999999996
2661289827 7772465726 56.11200000000001
2661289827 2661289809 1354.047
2661289827 7779847523 40.651
2661289859 2661289943 2079.539
2661289859 1404828604 278.111
2661289896 2661289941 394.34599999999995
2661289896 2661289943 152.322
2661289896 7822559279 275.243
2661289911 2661289921 697.239
2661289921 2661289923 58.344
2661289921 2661289911 697.239
2661289921 2661289941 282.563
2661289922 2661289923 159.77
2661289923 2661289922 159.77
2661289923 2661289921 58.344
2661289923 2661289926 108.515
2661289925 2661289926 59.815
2661289926 2661289923 108.515
2661289926 2661289927 121.393
2661289926 2661289925 59.815
2661289927 2661289926 121.393
2661289937 2661289941 458.71099999999996
2661289941 2661289921 282.563
2661289941 2661289896 394.346
2661289941 2661289937 458.711
2661289943 2661289896 152.32199999999997
2661289943 2661289859 2079.539
2661289943 7822423626 1851.3669999999997
2661290009 2661290021 1586.2450000000001
2661290009 3063166997 2290.604
2661290009 7123092015 1400.8550000000007
2661290021 7903432498 517.861
2661290021 2661290023 221.692
2661290021 2661290009 1586.245
2661290023 9885009920 1266.97
2661290023 2661290038 1911.9609999999998
2661290023 2661290021 221.69199999999998
2661290038 8128243619 72.045
2661290038 1556147349 418.3619999999999
2661290038 2661290023 1911.961
2661290044 2661290045 22.284
2661290044 2661290045 64.18799999999999
2661290044 1556147319 79.94
2661290045 2661290044 22.284
2661290045 2661290044 64.18799999999999
2661290045 8437358205 60.833
2661290053 1556147322 47.293
2661290053 8437358205 91.549
2661290053 2661290058 62.102999999999994
2661290058 8437358205 30.538
2661290058 2661290053 62.102999999999994
2661290058 7715507900 123.976
2661290067 1556147428 31.508
2661290067 7715507841 89.772
2661290067 1556147420 96.569
2661370902 2661370903 72.024
2661370903 2661370902 72.024
2661370903 2661370904 32.676
2661370903 1556321940 159.725
2661370904 2661370903 32.676
3045753523 7845965054 571.3389999999999
3045753523 7848285305 1522.633
3045753523 7845965010 188.60899999999998
3045753548 7845965054 743.0829999999997
3045753548 7739952827 821.4549999999998
3045753548 3045753566 1029.2160000000001
3045753566 3045753579 883.5170000000002
3045753566 3045753548 1029.216
3045753566 7739842381 1042.4370000000001
3045753579 3045753604 1478.3279999999997
3045753579 3045753566 883.5170000000002
3045753579 9701535083 1386.9180000000001
3045753604 9701534434 1753.5809999999994
3045753604 3045753579 1478.328
3045753604 9701534854 876.8269999999999
3045753604 9701535007 462.93799999999993
3045753775 1404825006 2043.2859999999996
3045753775 9284067762 78.556
3045753775 9701534434 373.059
3059448865 7780113277 3351.6540000000014
3059448865 9701534536 2912.053
3061697377 3061697775 958.1500000000001
3061697377 7780136611 1511.2749999999999
3061697377 2511397897 186.813
3061697525 7779880070 658.466
3061697765 7779880070 755.1679999999998
3061697775 3061697377 958.1500000000001
3061697804 7779902810 399.113
3063165964 3063166031 1145.679
3063166004 3063166767 1531.087
3063166004 1404823498 977.082
3063166004 3063166031 711.335
3063166031 3063166004 711.3349999999999
3063166031 3063165964 1145.679
3063166031 3063166811 1490.1750000000004
3063166767 3063166949 1052.469
3063166767 3063166949 914.0209999999998
3063166767 3063166004 1531.087
3063166811 7903432528 1354.6240000000003
3063166811 3063166031 1490.175
3063166811 7903432510 757.2180000000001
3063166949 3063166957 732.8489999999999
3063166949 3063166767 1052.469
3063166949 3063166767 914.021
3063166957 3063166949 732.849
3063166995 3063166997 57.897999999999996
3063166995 7903432529 86.795
3063166995 7903432528 120.345
3063166997 2661290009 2290.604
3063166997 3063166995 57.897999999999996
3063166997 3063167003 228.72199999999998
3063167003 3063166997 228.72199999999998
3063167003 7903432529 397.084
4543120846 9701534503 658.897
4543120846 9701534536 195.37199999999999
4543191406 1473092260 175.661
4756057517 7715507799 434.398
5041930494 5041930515 82.878
5041930494 5041930495 587.4780000000001
5041930495 5041930494 587.4780000000001
5041930515 5041930494 82.87800000000001
5041930515 7123092019 1496.6600000000003
5041930515 5041930516 134.80400000000003
5041930516 5041930515 134.80400000000003
7123091996 7123092015 1188.4640000000002
7123092015 2661290009 1400.8550000000002
7123092015 7123091996 1188.464
7123092015 7123092019 147.687
7123092019 7123092015 147.687
7123092019 7133802207 521.558
7123092019 5041930515 1496.66
7133802207 7123092019 521.558
7528972354 7715502981 151.298
7528972361 7742596133 604.1480000000001
7528972361 7529000128 870.833
7528972361 7715502981 107.662
7529000128 7528972361 870.8330000000001
7529000128 8984928842 1115.8049999999998
7529000128 7715507799 748.3599999999998
7715417716 7742683123 1000.2900000000001
7715417716 7739842381 528.5570000000001
7715502981 7528972354 151.298
7715502981 7742742014 2089.23
7715502981 7528972361 107.662
7715507799 7903432497 132.157
7715507799 4756057517 434.398
7715507799 7529000128 748.3599999999999
7715507840 1556147339 50.17
7715507840 7715507926 95.95500000000001
7715507840 7715507841 85.645
7715507841 2661290067 89.772
7715507841 7715507913 21.844
7715507841 7715507840 85.645
7715507856 1556147319 20.29
7715507856 1556147389 76.971
7715507856 1556147339 26.994
7715507900 2661290058 123.976
7715507913 7715507841 21.844
7715507926 7715507840 95.955
7715507926 1556147322 109.429
7715507926 8984848385 142.078
7739160083 7903422640 21.521
7739160083 7740095494 26.393
7739160083 7903422647 408.43800000000005
7739170030 7742634823 34.082
7739170030 7739170053 709.1989999999998
7739170030 7742634822 37.797000000000004
7739170053 7740095494 1408.0449999999994
7739170053 7739170030 709.1989999999998
7739170053 7740234977 1147.4700000000003
7739170274 7739170276 46.479000000000006
7739170274 1473092355 885.7710000000002
7739170274 7822500804 198.93900000000002
7739170276 1473092260 14.683
7739170276 7739170274 46.479000000000006
7739170276 7739222116 940.8740000000001
7739222116 7739170276 940.8739999999998
7739313405 7742634753 82.90100000000001
7739313405 7743018378 2016.717
7739313405 9621578107 99.441
7739313590 7739929243 291.812
7739313590 7739929243 141.92100000000002
7739313590 7742741994 897.2919999999999
7739842381 3045753566 1042.437
7739842381 7715417716 528.557
7739929243 7739313590 291.812
7739929243 7739313590 141.921
7739952805 7739952816 324.177
7739952816 7739952827 1105.6690000000003
7739952816 7739952805 324.177
7739952821 7739952827 90.196
7739952827 7739952816 1105.6689999999999
7739952827 3045753548 821.455
7739952827 7739952821 90.196
7740095218 7740095474 16.893
7740095218 7740095473 27.759
7740095218 7740095391 80.479
7740095238 7740095475 16.558
7740095238 7740095359 18.875
7740095238 7740095483 278.26300000000003
7740095258 7740095260 85.25399999999999
7740095260 7740095258 85.254
7740095260 7740095262 78.92099999999999
7740095260 7740095512 67.248
7740095261 7740095262 91.657
7740095262 7740095261 91.657
7740095262 7740095392 177.757
7740095262 7740095260 78.92099999999999
7740095336 7740095336 73.47899999999998
7740095336 7740095336 73.479
7740095336 7740095436 229.21300000000002
7740095344 7740095350 17.323
7740095344 7740095352 28.016
7740095344 7740095347 170.94200000000004
7740095347 7740095504 65.603
7740095347 7740095344 170.94199999999998
7740095347 7740095350 166.498
7740095350 7740095344 17.323
7740095350 7740095347 166.498
7740095350 7740095352 33.388
7740095352 7740095344 28.016
7740095352 7740095350 33.388
7740095352 7740095480 138.104
7740095359 7740095238 18.875
7740095359 7740095475 17.65
7740095359 7740095476 24.553
7740095360 7740095377 498.648
7740095372 7740095391 608.347
7740095372 7740095377 85.639
7740095372 7740095377 188.543
7740095377 7740095360 498.648
7740095377 7740095372 188.54300000000006
7740095377 7740095372 85.639
7740095391 7740095396 73.71
7740095391 7740095218 80.479
7740095391 7740095372 608.3470000000001
7740095392 7740095396 146.17
7740095392 7740095504 34.502
7740095392 7740095262 177.757
7740095396 7740095391 73.71
7740095396 7740095397 27.585
7740095396 7740095392 146.17
7740095397 7740095396 27.585
7740095397 7740095477 20.43
7740095397 7740095476 24.183
7740095398 7740095421 208.41400000000004
7740095406 7740095407 20.393
7740095406 7740095408 19.281
7740095406 7740095408 114.886
7740095407 7740095406 20.393
7740095407 7740095408 21.443
7740095407 7740095417 62.955
7740095408 7740095406 19.281
7740095408 7740095406 114.886
7740095408 7740095407 21.443
7740095416 7740095417 44.222
7740095417 7740095416 44.222
7740095417 7740095407 62.955
7740095417 7740095421 248.05000000000004
7740095421 7740095398 208.41400000000004
7740095421 7740095417 248.04999999999998
7740095421 7740095468 294.26
7740095436 7740095437 63.972
7740095436 7740095467 345.76599999999996
7740095436 7740095336 229.21300000000002
7740095437 7740095436 63.972
7740095437 7740095453 260.26399999999995
7740095437 7740095467 311.326
7740095438 7740095447 234.402
7740095444 7740095447 114.118
7740095447 7740095438 234.402
7740095447 7740095444 114.11800000000002
7740095447 7740095453 267.636
7740095453 7740095447 267.63599999999997
7740095453 7740095454 30.516
7740095453 7740095437 260.264
7740095454 7740095453 30.516
7740095467 7740095468 44.015
7740095467 7740095436 345.7659999999999
7740095467 7740095437 311.3260000000001
7740095468 7740095467 44.015
7740095468 7740095421 294.26
7740095468 7740095470 136.704
7740095470 7740095472 71.9
7740095470 7740095471 52.496
7740095470 7740095468 136.704
7740095471 7740095470 52.496
7740095471 7740095472 49.516
7740095471 7740095486 282.337
7740095472 7740095473 55.795
7740095472 7740095471 49.516
7740095472 7740095470 71.9
7740095473 7740095218 27.759
7740095473 7740095472 55.795
7740095473 7740095474 28.971999999999998
7740095474 7740095218 16.893
7740095474 7740095473 28.972
7740095474 7740095475 55.503
7740095475 7740095238 16.558
7740095475 7740095359 17.65
7740095475 7740095474 55.503
7740095476 7740095397 24.183
7740095476 7740095359 24.553
7740095476 7740095477 24.006
7740095477 7740095397 20.43
7740095477 7740095476 24.006
7740095477 7740095504 103.202
7740095480 7740095352 138.104
7740095480 7740095483 117.65299999999999
7740095480 7740095497 80.33
7740095483 7740095238 278.2630000000001
7740095483 7740095480 117.65300000000002
7740095483 7740095486 92.243
7740095486 7740095471 282.337
7740095486 7740095483 92.24300000000001
7740095486 7740095495 257.822
7740095493 7740095496 22.353
7740095493 7740095494 82.671
7740095493 7740095495 33.959
7740095494 7740095493 82.671
7740095494 7739160083 26.393
7740095494 7739170053 1408.0450000000003
7740095495 7740095493 33.959
7740095495 7740095496 30.882
7740095495 7740095486 257.822
7740095496 7740095493 22.353
7740095496 7740095495 30.882
7740095496 7740095497 85.298
7740095497 7740095504 336.586
7740095497 7740095496 85.298
7740095497 7740095480 80.33
7740095504 7740095347 65.603
7740095504 7740095477 103.20200000000001
7740095504 7740095497 336.586
7740095504 7740095392 34.501999999999995
7740095512 7740095260 67.248
7740108023 7903422639 73.688
7740108027 7740108030 146.483
7740108030 7740108027 146.483
7740108030 7740130995 63.209
7740108030 7740131005 82.279
7740108060 7740222740 229.06600000000003
7740108060 7740131005 67.72099999999999
7740108060 7740222782 5.029
7740108073 7740130995 176.073
7740130995 7903422639 19.023
7740130995 7740108073 176.07300000000006
7740130995 7740108030 63.209
7740131005 7740108030 82.27899999999998
7740131005 7740108060 67.721
7740131005 7740222740 190.158
7740222740 7903422639 419.69000000000005
7740222740 7740108060 229.06599999999997
7740222740 7740131005 190.158
7740222773 7740222782 374.68399999999997
7740222782 7740222773 374.68399999999997
7740222782 7740108060 5.029
7740222782 7903422640 527.5319999999999
7740234977 7739170053 1147.47
7742595938 7742596028 922.0349999999999
7742595938 9701194709 910.9809999999998
7742595938 9701230668 667.836
7742596028 7742595938 922.0349999999996
7742596093 9701194699 24.401
7742596093 9701194709 610.562
7742596093 9701194698 260.736
7742596094 9701194699 75.347
7742596094 9701194708 168.71399999999997
7742596094 1404823498 1653.1829999999995
7742596121 7742596133 456.62999999999994
7742596133 1404823498 404.7830000000001
7742596133 7528972361 604.148
7742596133 7742596121 456.62999999999994
7742624123 7742634813 115.50299999999999
7742624123 7742634823 403.95799999999997
7742624123 9701584695 116.807
7742634746 7742634753 157.478
7742634746 7742634813 1354.5299999999997
7742634746 7742634807 1136.929
7742634753 7742741994 178.58
7742634753 7739313405 82.901
7742634753 7742634746 157.47799999999998
7742634807 7742634746 1136.929
7742634807 7742634813 417.354
7742634807 9701584695 288.04999999999995
7742634813 7742634746 1354.5299999999995
7742634813 7742634807 417.35400000000004
7742634813 7742624123 115.503
7742634813 9701584695 124.819
7742634822 7742634823 30.985
7742634822 7739170030 37.797000000000004
7742634823 7742634822 30.985
7742634823 7739170030 34.082
7742634823 7742624123 403.9580000000001
7742683123 7715417716 1000.2900000000001
7742686180 7742741994 282.281
7742741994 7739313590 897.2919999999999
7742741994 7742634753 178.58
7742741994 7742686180 282.28100000000006
7742741999 7742742017 123.059
7742742014 7743018378 5.809
7742742014 7715502981 2089.23
7742742014 7742742017 326.55300000000005
7742742017 7742741999 123.059
7742742017 7742742014 326.553
7742742017 7742742025 288.96400000000006
7742742025 7742742017 288.9640000000001
7743018364 7743018378 335.6120000000001
7743018378 7742742014 5.809
7743018378 7739313405 2016.7170000000008
7743018378 7743018364 335.61199999999997
7743030687 9701529598 571.3610000000001
7743030687 9701230668 89.249
7743030687 9701529562 233.351
7772465726 2661289827 56.112
7772465726 7772836006 1651.664
7772804808 7780485441 18.482
7772804808 7772836006 15.613
7772804808 1404823607 313.58
7772836006 7780485441 17.116
7772836006 7772465726 1651.6639999999998
7772836006 7772804808 15.613
7779847493 7779847523 555.4200000000001
7779847523 7779847493 555.4200000000001
7779847523 7779902860 738.7470000000002
7779847523 2661289827 40.650999999999996
7779880045 7779902786 137.436
7779880045 7779880056 155.60899999999998
7779880045 7779880046 70.69
7779880046 7780644860 490.094
7779880046 7779880056 189.69299999999998
7779880046 7779880045 70.69
7779880056 7779880045 155.609
7779880056 7779880046 189.69300000000004
7779880056 7779902860 66.357
7779880070 3061697765 755.1680000000001
7779880070 3061697525 658.4659999999999
7779880070 7779902786 169.346
7779902786 7779880045 137.436
7779902786 7779948088 599.2639999999999
7779902786 7779880070 169.34600000000003
7779902810 7779948086 344.356
7779902810 3061697804 399.11300000000006
7779902810 7779902822 66.352
7779902812 7779902813 17.75
7779902812 7779902813 30.904999999999998
7779902812 7779902837 478.57900000000006
7779902813 7779902812 17.75
7779902813 7779902812 30.904999999999998
7779902813 7779902822 254.50700000000003
7779902822 7779902813 254.50700000000003
7779902822 7779944855 94.431
7779902822 7779902810 66.352
7779902837 7779902812 478.5789999999999
7779902837 7780644860 311.44200000000006
7779902837 7779944855 138.382
7779902860 7779847523 738.747
7779902860 7779880056 66.357
7779944855 7779902822 94.43100000000001
7779944855 7779902837 138.382
7779944855 7779948086 356.70900000000006
7779948086 7779948088 49.498999999999995
7779948086 7779902810 344.356
7779948086 7779944855 356.709
7779948088 7779902786 599.264
7779948088 7779948086 49.498999999999995
7779948088 7780644860 114.828
7780005009 7780136593 417.3730000000001
7780005009 7780136611 447.886
7780005009 7780136622 90.73400000000001
7780113200 7780113207 205.14900000000003
7780113207 7780113254 194.209
7780113207 7780136622 526.225
7780113207 7780113200 205.149
7780113208 2511398123 345.81000000000006
7780113208 7780113277 324.1379999999999
7780113208 7780113227 527.3249999999999
7780113227 7780113228 9.352
7780113227 7780113208 527.325
7780113227 7780113254 300.325
7780113228 7780113227 9.352
7780113228 7780113268 281.639
7780113228 7780113277 203.571
7780113254 7780113207 194.209
7780113254 7780113227 300.325
7780113254 7780113268 251.18300000000005
7780113268 7780113254 251.183
7780113268 9701567766 39.411
7780113268 7780113228 281.639
7780113277 7780113208 324.1379999999999
7780113277 3059448865 3351.6539999999973
7780113277 7780113228 203.571
7780136593 2511398123 150.372
7780136593 7780005009 417.373
7780136593 2511397915 446.73299999999995
7780136602 7780136611 424.51
7780136611 7780005009 447.88599999999997
7780136611 3061697377 1511.275
7780136611 7780136602 424.51
7780136618 7780136622 527.7
7780136622 7780113207 526.2249999999999
7780136622 7780005009 90.73400000000001
7780136622 7780136618 527.7000000000002
7780485441 7772836006 17.116
7780485441 7772804808 18.482
7780485441 7780485450 434.018
7780485450 9701230634 145.78300000000002
7780485450 7780511327 337.566
7780485450 7780485441 434.01800000000003
7780511327 7780485450 337.566
7780511327 7780511425 441.882
7780511327 7780511396 1285.995
7780511396 7780511327 1285.9950000000001
7780511396 7780516171 523.607
7780511425 7780511327 441.88200000000006
7780511425 9701194708 107.643
7780511425 7780516171 778.9559999999996
7780516171 7780511396 523.6069999999999
7780516171 7780511425 778.9559999999999
7780516171 9701230694 2158.992
7780644860 7779902837 311.442
7780644860 7779880046 490.0939999999999
7780644860 7779948088 114.828
7822408125 7822408126 123.654
7822408126 7822408125 123.654
7822408126 1473092355 204.72700000000003
7822408126 8991722112 131.827
7822423626 2661289943 1851.3670000000004
7822500804 7739170274 198.939
7822559279 8885655875 168.593
7822559279 2661289896 275.243
7822559279 7822571485 231.94299999999998
7822571485 7822559279 231.943
7845965007 7845965010 563.85
7845965010 7845965007 563.85
7845965010 3045753523 188.60899999999998
7845965010 7845965054 1016.3840000000001
7845965054 3045753548 743.083
7845965054 3045753523 571.3389999999999
7845965054 7845965010 1016.384
7848285299 7848285305 171.18600000000004
7848285305 3045753523 1522.6330000000005
7848285305 7848285299 171.186
7903422639 7740108023 73.688
7903422639 7740130995 19.023
7903422639 7740222740 419.69
7903422640 1473092355 1011.6510000000001
7903422640 7739160083 21.521
7903422640 7740222782 527.5319999999999
7903422647 7739160083 408.43799999999993
7903432497 7715507799 132.157
7903432498 2661290021 517.861
7903432510 3063166811 757.218
7903432525 7903432529 18.351
7903432525 7903432528 251.135
7903432528 3063166811 1354.6240000000003
7903432528 3063166995 120.345
7903432528 7903432525 251.135
7903432529 7903432525 18.351
7903432529 3063166995 86.795
7903432529 3063167003 397.08400000000006
8111089400 1404828604 302.20199999999994
8128243619 8128243621 26.332
8128243619 2661290038 72.04500000000002
8128243619 8984847297 173.14300000000003
8128243621 8128243623 44.485
8128243621 8128243619 26.332
8128243621 8984847293 71.089
8128243623 8128243647 347.15599999999995
8128243623 8128243621 44.485
8128243623 8984847281 107.63900000000001
8128243647 8128243623 347.15600000000006
8128254379 8128259769 39.668
8128259769 8128254379 39.668
8128259769 1404828596 102.18
8128259769 8984848373 127.73900000000002
8128259775 2581658404 126.67699999999999
8128301724 8984910037 258.96099999999996
8128301724 8128301739 142.333
8128301724 8984928834 71.166
8128301739 8984973787 17.299
8128301739 8984928842 335.8810000000001
8128301739 8128301724 142.333
8437358205 2661290058 30.538
8437358205 2661290045 60.833
8437358205 2661290053 91.549
8437358208 8437358211 132.33100000000002
8437358211 1556147322 137.935
8437358211 8437358208 132.331
8437358211 8437369619 236.93100000000004
8437369619 8437358211 236.93100000000004
8885655875 7822559279 168.593
8984847281 8128243623 107.639
8984847293 8128243621 71.089
8984847297 8128243619 173.143
8984848373 8128259769 127.73900000000002
8984848385 7715507926 142.078
8984910037 8128301724 258.96099999999996
8984928834 8984928835 152.07600000000002
8984928834 8984928842 227.278
8984928834 8128301724 71.166
8984928835 8984928834 152.07600000000002
8984928842 7529000128 1115.805
8984928842 8128301739 335.881
8984928842 8984928834 227.278
8984973785 8984973787 34.184
8984973785 8984973785 222.058
8984973785 8984973785 222.05799999999996
8984973787 8128301739 17.299
8984973787 1556147349 736.5939999999999
8984973787 8984973785 34.184000000000005
8991722112 7822408126 131.827
8991786670 1556147428 50.542
9284067762 3045753775 78.556
9284067762 1404823483 832.1980000000001
9284067762 9701534446 903.798
9621578107 7739313405 99.441
9701194698 7742596093 260.736
9701194699 7742596093 24.401
9701194699 7742596094 75.347
9701194699 9701194708 265.98
9701194708 7780511425 107.643
9701194708 7742596094 168.714
9701194708 9701194699 265.98
9701194709 7742595938 910.981
9701194709 7742596093 610.562
9701194709 9701230630 582.1109999999999
9701230629 9701230630 62.724000000000004
9701230630 9701230629 62.724000000000004
9701230630 9701194709 582.1110000000001
9701230630 9701230633 101.667
9701230633 9701230630 101.667
9701230633 9701230668 691.829
9701230633 9701230634 287.48400000000004
9701230634 1404823607 468.661
9701230634 7780485450 145.783
9701230634 9701230633 287.484
9701230668 7743030687 89.249
9701230668 7742595938 667.836
9701230668 9701230633 691.829
9701230694 7780516171 2158.992
9701529562 9701534380 1129.7789999999998
9701529562 7743030687 233.35099999999997
9701529562 9701534347 1056.3980000000001
9701529568 9701534380 49.779
9701529568 9701534347 986.3909999999998
9701529568 9701534381 47.214
9701529598 7743030687 571.361
9701529598 9701529609 259.519
9701529598 9701534358 212.977
9701529609 9701534381 504.52299999999997
9701529609 9701529598 259.51899999999995
9701529609 9701534363 165.816
9701534347 9701529562 1056.3980000000001
9701534347 9701534353 161.24900000000002
9701534347 9701529568 986.3910000000001
9701534347 9701535120 315.232
9701534353 9701534347 161.249
9701534358 2661289809 163.824
9701534358 1404823607 738.6030000000001
9701534358 9701529598 212.977
9701534363 1404823527 227.24499999999998
9701534363 2661289809 101.827
9701534363 9701529609 165.816
9701534369 1404823483 57.431
9701534369 9927050257 507.97599999999994
9701534369 1404823527 64.906
9701534380 9701529568 49.779
9701534380 9701534381 22.371
9701534380 9701529562 1129.779
9701534381 9701534380 22.371
9701534381 9701529568 47.214
9701534381 9701529609 504.52299999999997
9701534382 9701534434 810.587
9701534434 3045753775 373.059
9701534434 3045753604 1753.5810000000008
9701534434 9701534382 810.5869999999999
9701534446 9284067762 903.798
9701534502 1404824936 518.1930000000001
9701534503 1404825006 475.607
9701534503 4543120846 658.897
9701534503 9701534516 436.926
9701534516 9701534503 436.92599999999993
9701534536 4543120846 195.37199999999999
9701534536 3059448865 2912.053
9701534536 9701534537 574.1160000000001
9701534537 9701534536 574.116
9701534854 3045753604 876.827
9701534854 9701535017 554.37
9701534888 9701534993 1132.514
9701534920 9701535017 254.884
9701534920 9701535026 164.89
9701534920 9701534980 1652.9910000000007
9701534980 9701534920 1652.9910000000002
9701534993 9701534888 1132.5140000000001
9701534993 9701535026 47.59400000000001
9701535007 9701535017 546.238
9701535007 3045753604 462.938
9701535007 9701535082 128.31799999999998
9701535017 9701534854 554.37
9701535017 9701534920 254.884
9701535017 9701535007 546.238
9701535026 9701534920 164.89
9701535026 9701535040 318.013
9701535026 9701534993 47.594
9701535040 9701535026 318.013
9701535082 9701535007 128.31799999999998
9701535083 3045753579 1386.9180000000001
9701535120 9701534347 315.23199999999997
9701567766 9701567770 61.132
9701567766 7780113268 39.411
9701567766 9701567771 63.848000000000006
9701567770 9701567771 27.715
9701567770 9701567766 61.132
9701567771 9701567770 27.715
9701567771 9701567766 63.848000000000006
9701567771 9701567775 102.006
9701567775 9701567771 102.006
9701584695 7742624123 116.80700000000002
9701584695 7742634807 288.04999999999995
9701584695 7742634813 124.819
9885009920 2661290023 1266.9700000000003
9927050257 9701534369 507.976
