606 1468 10
243698701 -46.7851008 -22.9128856
243698702 -46.7845271 -22.9113583
243698711 -46.7845622 -22.9058615
243698715 -46.7835242 -22.9030288
243698716 -46.7845581 -22.901151
243706835 -46.7834745 -22.903754
245448152 -46.7915506 -22.893159
245448305 -46.7932714 -22.8826936
245449243 -46.7917118 -22.8846424
245449367 -46.7917896 -22.8845685
2289698680 -46.8139735 -22.8424569
2289698815 -46.8109051 -22.8481733
2289698947 -46.7839021 -22.8519735
2289698954 -46.7843366 -22.8530775
2289698977 -46.7840266 -22.8533147
2289698979 -46.7843149 -22.8535503
2289698986 -46.7843104 -22.8537316
2289699148 -46.7790444 -22.8562607
2289699212 -46.7818958 -22.8574384
2289699232 -46.7822096 -22.8577339
2289699235 -46.7670125 -22.8577434
2289699384 -46.8038523 -22.8604567
2289699463 -46.7539099 -22.8620772
2289699572 -46.7468181 -22.8636751
2289699641 -46.7983369 -22.8653925
2289699643 -46.7981243 -22.8655165
2289699683 -46.7401025 -22.8667143
2289699688 -46.7959956 -22.867096
2289699704 -46.7957642 -22.8675584
2289699709 -46.7956242 -22.8678151
2289699714 -46.7951479 -22.8684896
2289699723 -46.7944186 -22.8692632
2289699730 -46.7942988 -22.8696054
2289699733 -46.7941965 -22.8701125
2289699741 -46.7890028 -22.8706726
2289699777 -46.7902653 -22.8731928
2289699780 -46.7936829 -22.873599
2289699782 -46.7904311 -22.8738039
2289699792 -46.7904912 -22.8745052
2289699813 -46.7904298 -22.8751909
2289699914 -46.7909638 -22.8771468
2289699967 -46.7911962 -22.87783
2289700885 -46.7203331 -22.8963853
2289700964 -46.7126146 -22.8981193
2289700967 -46.7125408 -22.8981959
2289701276 -46.7272259 -22.902568
2289701370 -46.7830655 -22.9035588
2289701414 -46.7762767 -22.9040815
2289701430 -46.7837884 -22.9045841
2289701435 -46.7747926 -22.9043261
2289701499 -46.7732754 -22.9055576
2289701579 -46.7605685 -22.9077874
2289701620 -46.7349815 -22.9089721
2289701623 -46.7353302 -22.9089622
2289701627 -46.7683174 -22.9091821
2289701726 -46.7050159 -22.9144037
2289701834 -46.6955712 -22.9225674
2289701923 -46.692722 -22.9278626
2314862931 -46.7552644 -22.8615545
2314862950 -46.7557874 -22.8648465
2314863013 -46.7980924 -22.8658553
2314863023 -46.7996818 -22.8659418
2314863025 -46.7984403 -22.8659522
2314863029 -46.8002088 -22.8659645
2314863031 -46.7991802 -22.8659751
2314863033 -46.7986736 -22.8659857
2314863042 -46.7981701 -22.866188
2314863052 -46.7972226 -22.86644
2314863054 -46.7976726 -22.8664681
2314863056 -46.7973565 -22.8666461
2314863062 -46.7970716 -22.8668099
2314863064 -46.7936177 -22.8668155
2314863067 -46.7963847 -22.8668254
2314863069 -46.7964172 -22.8668852
2314863077 -46.7960552 -22.8669783
2314863083 -46.7921706 -22.867034
2314863086 -46.7938229 -22.8670401
2314863092 -46.7965938 -22.8670963
2314863094 -46.8002548 -22.8671076
2314863096 -46.7997488 -22.8671333
2314863101 -46.7992417 -22.8671591
2314863107 -46.798729 -22.8671852
2314863112 -46.7982276 -22.8672106
2314863115 -46.7977203 -22.8672364
2314863125 -46.7942105 -22.8674641
2314863130 -46.7913907 -22.8676306
2314863141 -46.7961257 -22.8677842
2314863147 -46.7977107 -22.8678349
2314863156 -46.7946012 -22.8678915
2314863165 -46.7965627 -22.868057
2314863169 -46.791521 -22.8681248
2314863187 -46.7982453 -22.8682088
2314863215 -46.79218 -22.8682952
2314863228 -46.7969732 -22.8683566
2314863247 -46.7987428 -22.8685279
2314863274 -46.7917251 -22.868613
2314863278 -46.7925279 -22.8687849
2314863283 -46.7972667 -22.868798
2314863289 -46.7933695 -22.8688086
2314863292 -46.794842 -22.8688412
2314863300 -46.7939129 -22.8689932
2314863310 -46.7928759 -22.8691795
2314863313 -46.7975221 -22.8692066
2314863326 -46.7929313 -22.8693416
2314863332 -46.7976518 -22.8694141
2314863339 -46.7945101 -22.869439
2314863348 -46.7948581 -22.8694862
2314863354 -46.7954339 -22.8695641
2314863357 -46.7913933 -22.8695768
2314863361 -46.7912334 -22.8696236
2314863364 -46.7960076 -22.8696418
2314863367 -46.7966829 -22.8696419
2314863369 -46.7911304 -22.8696538
2314863380 -46.790594 -22.8698108
2314863413 -46.7935833 -22.8700024
2314863427 -46.79127 -22.8701279
2314863434 -46.7907255 -22.8702618
2314863459 -46.7661113 -22.8706271
2314863494 -46.7933452 -22.8711154
2314863496 -46.7930931 -22.8711179
2314863505 -46.7917544 -22.8713578
2314863513 -46.7916408 -22.8713877
2314863518 -46.7910944 -22.8715263
2314863520 -46.7918082 -22.871537
2314863526 -46.7916958 -22.8715677
2314863543 -46.7932341 -22.8716369
2314863546 -46.79115 -22.8717171
2314863595 -46.7951041 -22.872208
2314863600 -46.7948823 -22.8722992
2314863609 -46.8015019 -22.872628
2314863635 -46.7942759 -22.8727615
2314863639 -46.792186 -22.8727954
2314863642 -46.7920797 -22.8728227
2314863718 -46.7962361 -22.8731336
2314863728 -46.787547 -22.8731661
2314863734 -46.7955524 -22.8732262
2314863742 -46.786949 -22.8732472
2314863760 -46.794956 -22.873304
2314863768 -46.8015834 -22.8733631
2314863779 -46.7876278 -22.8734474
2314863797 -46.7932932 -22.8736563
2314863803 -46.7936991 -22.87367
2314863808 -46.8025647 -22.8736935
2314863823 -46.7876803 -22.8738082
2314863829 -46.7955726 -22.8738452
2314863832 -46.797366 -22.8738455
2314863840 -46.7950186 -22.8738699
2314863843 -46.7870513 -22.8738887
2314863849 -46.7863367 -22.8739801
2314863857 -46.797715 -22.8740272
2314863865 -46.7979221 -22.8741364
2314863868 -46.7976595 -22.8741772
2314863870 -46.7877373 -22.8742002
2314863876 -46.7972173 -22.8742307
2314863893 -46.7873667 -22.8743623
2314863907 -46.7956002 -22.8744206
2314863909 -46.7950989 -22.8744738
2314863910 -46.7945738 -22.8745267
2314863914 -46.7860512 -22.8745592
2314863923 -46.7939099 -22.8745924
2314863931 -46.801667 -22.8746971
2314863937 -46.7935345 -22.8746611
2314863956 -46.7929578 -22.8747666
2314863959 -46.7927865 -22.8747954
2314863968 -46.7926914 -22.8748183
2314863973 -46.7874448 -22.8748237
2314863995 -46.7879223 -22.8749513
2314864004 -46.7904445 -22.8749977
2314864006 -46.7862038 -22.8750191
2314864034 -46.7891913 -22.8752168
2314864038 -46.8012898 -22.8752247
2314864039 -46.800013 -22.8751937
2314864045 -46.7952584 -22.8752947
2314864050 -46.7936946 -22.875356
2314864064 -46.7874273 -22.875487
2314864067 -46.7947451 -22.8754691
2314864073 -46.7940954 -22.8755468
2314864090 -46.7941352 -22.8759948
2314864092 -46.7948741 -22.8760039
2314864094 -46.7950244 -22.8760058
2314864110 -46.7934056 -22.8762214
2314864128 -46.7899686 -22.8764937
2314864134 -46.7935178 -22.8766077
2314864136 -46.788728 -22.876578
2314864152 -46.8039181 -22.8767992
2314864166 -46.7933061 -22.8770133
2314864170 -46.7876659 -22.8771253
2314864174 -46.7932481 -22.8770506
2314864175 -46.7868883 -22.8772207
2314864181 -46.7902117 -22.8773783
2314864189 -46.7950382 -22.8775445
2314864191 -46.7957333 -22.8775536
2314864193 -46.7919386 -22.877564
2314864198 -46.7947297 -22.8776618
2314864202 -46.7941157 -22.8777643
2314864215 -46.7903724 -22.8779634
2314864226 -46.7950666 -22.8782329
2314864230 -46.7939978 -22.878321
2314864236 -46.7891479 -22.878532
2314864262 -46.7914676 -22.8786718
2314864264 -46.7889185 -22.8786973
2314864270 -46.7992687 -22.878711
2314864272 -46.7892546 -22.878771
2314864281 -46.8001442 -22.8788426
2314864283 -46.8006659 -22.8788565
2314864285 -46.7905181 -22.8789214
2314864287 -46.7994326 -22.8788749
2314864289 -46.7879182 -22.8789265
2314864291 -46.7902363 -22.8789566
2314864296 -46.7901328 -22.8790601
2314864304 -46.7873061 -22.8790683
2314864310 -46.79249 -22.8790944
2314864322 -46.7917101 -22.8793297
2314864325 -46.7897173 -22.8794263
2314864327 -46.7984811 -22.8794108
2314864330 -46.7880683 -22.8794803
2314864332 -46.7939134 -22.8795719
2314864333 -46.7907204 -22.8796391
2314864341 -46.7988452 -22.879648
2314864343 -46.793897 -22.8796958
2314864347 -46.7903077 -22.8797645
2314864352 -46.789109 -22.8798129
2314864361 -46.7928126 -22.8799201
2314864363 -46.7897834 -22.8799241
2314864365 -46.7993467 -22.880013
2314864369 -46.7891671 -22.880107
2314864371 -46.79217 -22.8801234
2314864380 -46.7918906 -22.8802146
2314864382 -46.8023974 -22.8802817
2314864385 -46.7999603 -22.8803482
2314864390 -46.7909758 -22.8805171
2314864391 -46.7891413 -22.880508
2314864392 -46.789646 -22.8805588
2314864393 -46.7902683 -22.8805665
2314864395 -46.7997214 -22.8805285
2314864400 -46.7923006 -22.8806925
2314864403 -46.7973763 -22.8807976
2314864405 -46.7935637 -22.8808865
2314864415 -46.798099 -22.8810812
2314864416 -46.7948263 -22.8811916
2314864420 -46.7990493 -22.881149
2314864421 -46.7911186 -22.8813387
2314864424 -46.7902883 -22.8813666
2314864427 -46.7889803 -22.8815193
2314864430 -46.7962524 -22.8816262
2314864433 -46.7947409 -22.881766
2314864440 -46.7912388 -22.8818529
2314864443 -46.789228 -22.8819195
2314864449 -46.7933743 -22.8820132
2314864453 -46.789988 -22.8822228
2314864456 -46.7946913 -22.8822016
2314864465 -46.7888108 -22.8822604
2314864467 -46.7912246 -22.8823272
2314864476 -46.7954491 -22.8823513
2314864488 -46.7960855 -22.8824268
2314864503 -46.7890063 -22.882552
2314864505 -46.7887382 -22.882564
2314864507 -46.7889343 -22.882599
2314864529 -46.7945731 -22.8828838
2314864538 -46.7952799 -22.8829733
2314864540 -46.7962001 -22.8830224
2314864546 -46.7955949 -22.883043
2314864548 -46.7894349 -22.8830647
2314864554 -46.7940736 -22.8831142
2314864557 -46.7977791 -22.883274
2314864572 -46.7940311 -22.8833201
2314864574 -46.7979275 -22.8833463
2314864578 -46.7937018 -22.8833905
2314864592 -46.7911273 -22.8835441
2314864604 -46.796483 -22.8836305
2314864606 -46.7983862 -22.8836179
2314864623 -46.7951533 -22.8837473
2314864626 -46.7974675 -22.883803
2314864633 -46.791012 -22.8838197
2314864653 -46.7983832 -22.8838877
2314864656 -46.7944119 -22.8838887
2314864658 -46.7995446 -22.8838988
2314864679 -46.7868597 -22.8841153
2314864682 -46.7950951 -22.8841032
2314864688 -46.7943464 -22.8841996
2314864695 -46.785763 -22.8843558
2314864697 -46.7966773 -22.8842641
2314864704 -46.7956268 -22.8843205
2314864712 -46.7971099 -22.8844568
2314864714 -46.7864522 -22.8844356
2314864721 -46.7992728 -22.8845636
2314864725 -46.7985243 -22.8845754
2314864746 -46.7912065 -22.8848258
2314864758 -46.7858548 -22.884847
2314864770 -46.7973078 -22.8849779
2314864776 -46.7912464 -22.8848492
2314864797 -46.7585649 -22.8851881
2314864803 -46.7913619 -22.8852317
2314864812 -46.7992054 -22.8852529
2314864825 -46.7979375 -22.8853002
2314864831 -46.7854704 -22.8853841
2314864870 -46.7870302 -22.8864665
2314864872 -46.7868231 -22.8864895
2314864873 -46.7860436 -22.8866379
2314864928 -46.7862804 -22.8888133
2314864946 -46.7870409 -22.8892198
2314864964 -46.7872563 -22.8895411
2314864998 -46.791594 -22.8929345
2314865003 -46.7917644 -22.8933341
2314865007 -46.7917959 -22.8937376
2314865014 -46.7914484 -22.893705
2314865072 -46.7933926 -22.8966545
2314865085 -46.7953809 -22.8968309
2314865100 -46.7953902 -22.8976829
2314865106 -46.7975547 -22.8977039
2314865124 -46.7934768 -22.8984953
2314865126 -46.7953716 -22.898541
2314865128 -46.7962804 -22.8985611
2314865149 -46.7934468 -22.8995333
2314865151 -46.7953493 -22.8995677
2314865169 -46.7964228 -22.9003757
2314865171 -46.7953374 -22.9002561
2314865177 -46.7934351 -22.9005759
2314865179 -46.7953299 -22.9005872
2314865184 -46.7973226 -22.9011644
2314865185 -46.7970623 -22.901381
2314865189 -46.7934155 -22.9015975
2314865190 -46.7952971 -22.9016301
2314865201 -46.796245 -22.9020091
2314865206 -46.7934012 -22.9024358
2314865208 -46.7952867 -22.9024739
2314865213 -46.7968414 -22.9026434
2314865217 -46.7952863 -22.902872
2314865223 -46.7961855 -22.9031923
2314865231 -46.7933513 -22.903341
2314865245 -46.7874281 -22.9037494
2314865251 -46.7952843 -22.9037451
2314865278 -46.7896163 -22.9043635
2314865281 -46.7873664 -22.9043519
2314865284 -46.7891516 -22.9045978
2314865290 -46.7901707 -22.9047806
2314865304 -46.7901184 -22.9051907
2314865307 -46.7874885 -22.9052833
2314865314 -46.7892051 -22.9055255
2314865320 -46.7878908 -22.9060641
2314865322 -46.7901814 -22.906405
2314865323 -46.7892775 -22.9064643
2314865350 -46.7897482 -22.9077824
2314865355 -46.7905848 -22.9080737
2314865357 -46.7884621 -22.9080999
2314865366 -46.7890307 -22.9088374
2314865387 -46.7844061 -22.911058
2314865392 -46.7846554 -22.9111104
3057655046 -46.8038808 -22.8378099
3057655106 -46.7963423 -22.846812
3057655111 -46.7966656 -22.8481369
3057655119 -46.7891948 -22.8497043
3059448094 -46.8089422 -22.8434313
3059448121 -46.8082715 -22.8439771
3059448123 -46.8088592 -22.8439949
3059448128 -46.8089249 -22.8440382
3059448137 -46.8063046 -22.8441294
3059448144 -46.8102254 -22.844296
3059448159 -46.8070981 -22.8446427
3059448165 -46.8063523 -22.8447768
3059448174 -46.8082827 -22.8450161
3059448181 -46.8062262 -22.8452071
3059448220 -46.8063928 -22.84612
3059448276 -46.7970866 -22.8470165
3059448360 -46.7968968 -22.8489346
3059448380 -46.7949635 -22.8496475
3059448384 -46.7947307 -22.8498708
3059448389 -46.8090453 -22.8500538
3059448420 -46.7849952 -22.8518856
3059448421 -46.7968404 -22.8520229
3059448432 -46.7902491 -22.8523061
3059448437 -46.795002 -22.852484
3059448440 -46.7909402 -22.8525994
3059448462 -46.7883893 -22.8547489
3059448466 -46.7778281 -22.8551757
3059448468 -46.7788239 -22.8553307
3059448470 -46.7779333 -22.8555317
3059448474 -46.7957453 -22.8557747
3059448475 -46.7788239 -22.8558
3059448478 -46.7780514 -22.8559677
3059448496 -46.7995286 -22.857095
3059448510 -46.8042964 -22.8583598
3059448515 -46.7997812 -22.8600244
3059448541 -46.7993713 -22.8608347
3059448561 -46.8036753 -22.8618355
3059448566 -46.7933193 -22.8624737
3059448572 -46.7924755 -22.8627737
3059448579 -46.7911935 -22.863033
3059448585 -46.7923145 -22.8634202
3059448591 -46.8023518 -22.8642817
3059448603 -46.8029579 -22.8651038
3059448607 -46.8002925 -22.8652282
3059448623 -46.7910906 -22.8660882
3059448625 -46.7923781 -22.8665656
3059448628 -46.7916216 -22.8674539
3059448737 -46.7919987 -22.8679283
3059448769 -46.8106857 -22.8701109
3059448793 -46.8099335 -22.8763916
3059448862 -46.8153602 -22.8819547
3059448880 -46.8153149 -22.8834233
3061696963 -46.8042066 -22.8766962
3061697112 -46.7832613 -22.8820023
3061697342 -46.7846343 -22.8863777
3061697428 -46.7851727 -22.8879554
3061697437 -46.7849043 -22.8881322
3061697455 -46.7811589 -22.8886931
3061697502 -46.7802073 -22.8894807
3061697873 -46.8061909 -22.9095116
3061697883 -46.8044829 -22.9143308
4390756823 -46.7086999 -22.9255911
4543839425 -46.8327859 -22.9286222
4545114293 -46.8125638 -22.8707772
4545114327 -46.8138396 -22.8663342
5134000926 -46.7686123 -22.918539
5134000933 -46.768568 -22.918488
5134000957 -46.7685118 -22.9185214
5134000982 -46.7693453 -22.9194429
5134000995 -46.7692926 -22.9193627
5134000999 -46.7693908 -22.9193502
5134001021 -46.7684055 -22.9201442
5134001026 -46.7680103 -22.9204107
5134001027 -46.767911 -22.9201569
5134001028 -46.7673035 -22.920428
5134001046 -46.7662615 -22.9204502
5134001135 -46.7882881 -22.9231347
5206410353 -46.680104 -22.9003987
5206410393 -46.7023605 -22.9118923
5206410403 -46.6822877 -22.907574
5423157391 -46.748347 -22.8835245
5423157405 -46.7511995 -22.8850522
5423157414 -46.7548299 -22.8850059
5423158536 -46.7535505 -22.8795632
5423158541 -46.752432 -22.8803243
5423158556 -46.748097 -22.8673277
5423158570 -46.7537677 -22.8696311
5423158571 -46.7505559 -22.8652833
5423158572 -46.7520618 -22.8658302
5423158575 -46.7528612 -22.8642039
5423158576 -46.7462683 -22.8626766
5423158579 -46.7457747 -22.864115
5423158582 -46.7459893 -22.8629682
5423160132 -46.7418748 -22.8759132
5423160170 -46.7534371 -22.8622725
6106806161 -46.7846587 -22.8536825
6106806163 -46.7846775 -22.8530078
6106806173 -46.7843526 -22.8523946
6106806174 -46.7844156 -22.854593
6518174739 -46.7909915 -22.8682708
7123114678 -46.7787827 -22.9002794
7123114723 -46.7855591 -22.900436
7123114724 -46.7762634 -22.894051
7523018272 -46.8042837 -22.8729642
7523025282 -46.8065894 -22.8715448
7523048798 -46.8047494 -22.8722347
7523048810 -46.8060081 -22.8744852
7523048859 -46.8057618 -22.8725279
7523048860 -46.8055181 -22.8742448
7523055790 -46.80252 -22.8723602
7523058274 -46.805461 -22.8726073
7523058275 -46.8045643 -22.8737011
7712443227 -46.6821675 -22.9072198
7712459249 -46.680809 -22.8990471
7772593081 -46.8303528 -22.9260666
7825039498 -46.6908726 -22.8902853
7831482294 -46.703074 -22.8972088
7831482310 -46.7073467 -22.9083445
7831482311 -46.7089427 -22.9111771
7831482327 -46.7095542 -22.9159317
7831482328 -46.7055597 -22.9140807
7831482355 -46.7004615 -22.9044779
7831482358 -46.7019944 -22.9046793
7831513319 -46.698812 -22.9003912
7832189370 -46.7112145 -22.9072451
7832189371 -46.7109972 -22.9075218
7832224892 -46.7127661 -22.9035934
7832224895 -46.709227 -22.9095378
7832240879 -46.6832069 -22.9050116
7852209519 -46.7694151 -22.899225
7852209552 -46.7693353 -22.8991546
7852209575 -46.7649331 -22.8963817
7852229709 -46.7646682 -22.9033611
7852229729 -46.7540628 -22.8957436
7852229730 -46.7689927 -22.9081668
7852413732 -46.7379829 -22.9191471
7852413751 -46.7384456 -22.919194
7852413752 -46.7405029 -22.9222376
7852413767 -46.7348474 -22.9155685
7852413769 -46.7349306 -22.916138
7852419087 -46.7380446 -22.9194188
7852419090 -46.7351237 -22.9091586
7852419109 -46.7238638 -22.9078986
7852419126 -46.7549358 -22.906321
7852419144 -46.7541406 -22.9084798
7852419145 -46.7584808 -22.9060218
7852419164 -46.7570628 -22.9049538
7852419183 -46.7588063 -22.9030263
7852419186 -46.7681151 -22.9102988
7852419187 -46.7700595 -22.9105422
7852419190 -46.7703666 -22.9101333
7852419193 -46.7682664 -22.9098516
7852489907 -46.7326668 -22.9169866
7852489912 -46.7338564 -22.9152634
7852489920 -46.7338067 -22.9165147
7852489941 -46.7130893 -22.9067571
7852489958 -46.7309891 -22.9081568
7852489959 -46.7347382 -22.909795
7852760410 -46.7641224 -22.8982181
7852760411 -46.7632681 -22.9012391
7852813634 -46.746747 -22.9068399
7852813635 -46.7466429 -22.907649
7852813636 -46.7472057 -22.9073155
7852813638 -46.7479098 -22.9092489
7852813651 -46.7508924 -22.9097701
7852813655 -46.7488432 -22.9098343
7852813656 -46.7483778 -22.9096342
7852813658 -46.7487292 -22.9096416
7852825803 -46.7491798 -22.9078961
7852825806 -46.7513866 -22.9076217
7852825843 -46.7665833 -22.9157143
7852825844 -46.7674889 -22.9178759
7860614224 -46.7690764 -22.895216
7860614239 -46.7723688 -22.9035588
7860614261 -46.7764753 -22.9019182
7860614269 -46.774174 -22.9029386
7860664685 -46.7740513 -22.9032536
7860664697 -46.7723447 -22.899057
7860664699 -46.7727564 -22.9007705
7860808752 -46.7838568 -22.9024309
7860808761 -46.784078 -22.9044544
7860808762 -46.7840955 -22.9026174
7861106641 -46.790978 -22.9173387
7861106648 -46.7922816 -22.9171472
7863868995 -46.8092063 -22.9123272
7864278234 -46.789539 -22.922219
7864818262 -46.7404398 -22.876903
7864818278 -46.7334071 -22.8826052
7864818281 -46.7323248 -22.8849936
7864820495 -46.7239442 -22.8889781
7864973938 -46.7272407 -22.8770327
7864993819 -46.7507663 -22.8594389
7864993825 -46.7532662 -22.857731
7864993826 -46.7528102 -22.858926
7866894276 -46.7626083 -22.865064
7866894280 -46.7636544 -22.8617683
7866894284 -46.763277 -22.858557
7866907736 -46.737822 -22.8714804
7866945549 -46.7636356 -22.8886766
7866945567 -46.769863 -22.8837537
7866948925 -46.7394528 -22.8740647
7867066939 -46.7131668 -22.8975396
7867066947 -46.7140818 -22.8924548
7867072218 -46.7257682 -22.8750607
7867072250 -46.7242795 -22.8867319
7867120126 -46.7631962 -22.8869254
7867120142 -46.763826 -22.8860801
7867120180 -46.7626753 -22.8640136
7867120803 -46.75364 -22.8621891
7867285002 -46.7649123 -22.8539915
8237964431 -46.7925527 -22.8841282
8237964432 -46.7965141 -22.8870136
8335750920 -46.7781772 -22.8564471
8487449638 -46.8003462 -22.8691047
8487449642 -46.800115 -22.8696054
8487449647 -46.7999745 -22.869426
8487449648 -46.8010858 -22.8687406
8487449649 -46.8003248 -22.8679762
8487449650 -46.8009411 -22.8685998
8487449651 -46.8017758 -22.8678424
8487449652 -46.8018994 -22.8679946
8487449654 -46.8006448 -22.8682847
8487449655 -46.801666 -22.8673076
8487449656 -46.8005526 -22.8681833
8487449657 -46.8003254 -22.868207
8487449658 -46.8013885 -22.8669451
8487449659 -46.8003117 -22.8679083
9171525848 -46.7857289 -22.8797189
9171525857 -46.7874831 -22.8807148
9171525858 -46.7847392 -22.8835368
9171525859 -46.7865223 -22.8825153
9171525861 -46.7858387 -22.8831147
9171525862 -46.7871367 -22.8828492
9171525865 -46.7852422 -22.8819026
9171525870 -46.7853993 -22.8825951
9171525875 -46.7862228 -22.8836143
9171525876 -46.7872376 -22.8827118
9171525892 -46.7867328 -22.8841945
9171525893 -46.7850986 -22.8815797
9171525900 -46.7852059 -22.8835912
9216343479 -46.7999448 -22.8704871
9216343480 -46.7987055 -22.8709904
9216343481 -46.7983782 -22.8704912
9216343482 -46.7996927 -22.8699771
9216343483 -46.7994648 -22.8694263
9216343484 -46.7986196 -22.8697449
9216343485 -46.7990244 -22.868569
9216343487 -46.8000519 -22.8707037
9284067780 -46.7998141 -22.8758426
9705723359 -46.8086041 -22.877863
9705723365 -46.8072521 -22.8792803
10007731372 -46.8053115 -22.8714706
10959504487 -46.8060835 -22.8720604
10959762653 -46.7851319 -22.8820033
10959762662 -46.7851431 -22.881868
10959762671 -46.7852516 -22.8826959
10959762677 -46.7852361 -22.8824814
10959762691 -46.7920496 -22.8818293
243698701 243698702 179.706
243698701 5134001135 1501.858
243698701 7861106641 893.9040000000002
243698702 2314865387 35.618
243698702 243698701 179.706
243698711 2289701430 162.657
243698711 2314865387 624.937
243698715 7860808752 74.858
243698716 7123114723 130.68200000000002
243698716 7860808762 171.138
243706835 243698715 82.472
243706835 2289701370 50.652
245448152 2314864998 25.356
245448152 2314865014 61.620000000000005
245448305 2314864529 135.018
245448305 2314864449 76.388
245448305 8237964431 184.28699999999998
245449243 245449367 11.448
245449243 2314864803 75.354
245449367 245449243 11.448
245449367 10959762691 307.788
245449367 8237964431 92.30600000000001
2289698680 2289698815 789.115
2289698815 3059448389 284.13300000000004
2289698815 2289698680 789.115
2289698815 3059448144 461.679
2289698947 6106806173 65.78999999999999
2289698954 6106806163 54.355999999999995
2289698954 2289698947 133.523
2289698977 2289698954 48.137
2289698977 2289699148 889.076
2289698979 2289698977 40.16
2289698979 2289698954 52.629999999999995
2289698986 2289698979 20.165
2289699148 2289698977 889.076
2289699148 8335750920 91.387
2289699148 2289699212 333.24399999999997
2289699212 2289699232 45.973
2289699212 2289699148 333.24399999999997
2289699232 2289699212 45.973
2289699232 2289699212 82.96699999999998
2289699232 2289699741 1774.1580000000004
2289699235 7866894284 401.19800000000004
2289699235 8335750920 1197.4719999999998
2289699235 7867285002 544.24
2289699384 3059448561 164.787
2289699384 3059448510 239.23200000000003
2289699384 4545114327 1466.87
2289699463 7867120803 30.324
2289699463 2314862931 150.71699999999998
2289699463 7864993826 370.304
2289699572 5423158579 118.26400000000001
2289699572 5423160170 700.6819999999999
2289699572 5423158576 125.21800000000002
2289699641 2289699643 25.78
2289699641 3059448561 689.324
2289699641 3059448515 678.1310000000001
2289699641 3059448607 206.899
2289699643 2289699641 25.78
2289699643 2314863013 37.814
2289699643 2314863077 292.277
2289699683 5423158579 778.158
2289699683 7866907736 583.919
2289699688 2314863077 14.442
2289699688 2289699704 56.619
2289699704 2314863141 44.746
2289699704 2289699709 31.945
2289699704 2289699688 56.619
2289699709 2289699704 31.945
2289699709 2314863125 184.92100000000002
2289699709 2289699714 89.506
2289699714 2314863156 86.951
2289699714 2314863292 50.345
2289699714 2289699709 89.506
2289699723 2314863339 22.145
2289699723 2289699730 40.236000000000004
2289699723 2314863292 64.05199999999999
2289699730 2289699733 57.353
2289699730 2289699723 40.236
2289699730 2314863339 28.894
2289699733 2314863413 64.006
2289699733 2289699730 57.353
2289699733 2289699780 391.38699999999994
2289699741 2289699232 1774.1580000000001
2289699741 2289699777 309.635
2289699741 2314863380 189.742
2289699777 2289699741 309.635
2289699777 2314863779 272.034
2289699777 2289699782 70.09700000000001
2289699780 2314863803 8.067
2289699780 2314863635 112.096
2289699780 2289699733 391.387
2289699780 2314863543 222.976
2289699782 2314863870 279.478
2289699782 2289699777 70.09700000000001
2289699782 2289699792 78.685
2289699792 2314863995 267.872
2289699792 2289699782 78.685
2289699792 2314864004 54.973
2289699813 2314863968 235.377
2289699813 2289699914 225.985
2289699813 2314864004 21.537
2289699914 2314864181 81.238
2289699914 2289699967 79.612
2289699914 2289699813 225.985
2289699967 2314864193 81.606
2289699967 2289699914 79.612
2289699967 2314864215 85.837
2289699967 2314864262 97.64999999999999
2289700885 2289701276 1019.0129999999998
2289700885 7867066939 934.133
2289700885 7864820495 1011.101
2289700964 2289700967 11.388
2289700964 7867066939 87.26700000000001
2289700964 7832224892 617.754
2289700967 2289700964 11.388
2289700967 7831482311 1585.4160000000004
2289700967 7825039498 3680.598
2289701276 2289701620 1123.3180000000002
2289701276 2289700885 1019.013
2289701276 7852419109 753.433
2289701370 2289701414 750.587
2289701370 243698715 76.084
2289701414 2289701370 750.5869999999999
2289701414 2289701435 159.265
2289701414 7860614269 269.42900000000003
2289701430 243706835 97.82499999999999
2289701435 2289701414 159.26500000000001
2289701435 2289701499 207.531
2289701435 7860664685 144.917
2289701499 2289701435 207.531
2289701499 7852229730 532.061
2289701499 7860614239 290.092
2289701579 2289701627 1031.6400000000003
2289701579 7852419144 732.677
2289701579 7852419145 298.10600000000005
2289701620 7852419090 25.342
2289701620 2289701623 35.964
2289701620 2289701276 1123.3179999999998
2289701623 7852419090 30.402
2289701623 7852825806 1858.105
2289701623 2289701620 35.964
2289701627 7852229730 142.28
2289701627 2289701579 1031.6399999999999
2289701627 7852419193 75.023
2289701726 7831482328 66.541
2289701726 2289701834 1407.892
2289701726 5206410393 398.264
2289701834 2289701726 1407.892
2289701834 2289701923 708.392
2289701834 4390756823 1450.9269999999995
2289701923 2289701834 708.3919999999999
2314862931 2289699463 150.71699999999998
2314862931 7866894284 964.618
2314862931 2314862950 400.53
2314862950 2314863459 1391.4069999999992
2314862950 5423158570 580.942
2314862950 2314862931 400.53
2314863013 2289699643 37.814
2314863013 2314863025 37.238
2314863013 2314863052 112.14099999999999
2314863013 2314863067 240.71700000000004
2314863023 2314863031 51.526
2314863023 2314863096 132.667
2314863023 2314863029 54.96
2314863025 2314863033 24.192
2314863025 2314863013 37.238
2314863025 2314863042 39.855
2314863029 2314863094 127.489
2314863029 8487449658 167.135
2314863029 2314863023 54.96
2314863031 2314863023 51.526
2314863031 2314863033 51.918
2314863031 2314863101 131.806
2314863033 2314863107 133.499
2314863033 2314863031 51.918
2314863033 2314863025 24.192
2314863042 2314863112 113.861
2314863042 2314863054 59.735
2314863042 2314863025 39.855
2314863052 2314863056 26.71
2314863052 2314863069 96.229
2314863052 2314863013 112.14099999999999
2314863054 2314863115 85.571
2314863054 2314863056 37.956
2314863054 2314863042 59.735
2314863056 2314863052 26.71
2314863056 2314863062 34.406
2314863056 2314863054 37.956
2314863062 2314863092 58.401
2314863062 2314863056 34.406
2314863062 2314863115 81.648
2314863064 2314863086 32.646
2314863067 2314863069 7.437
2314863067 2314863013 240.71699999999998
2314863069 2314863052 96.229
2314863069 2314863067 7.437
2314863069 2314863092 30.372999999999998
2314863069 2289699688 50.119
2314863077 2289699688 14.442
2314863077 2314863067 37.94
2314863077 2289699643 292.277
2314863083 3059448628 73.102
2314863086 2314863215 218.656
2314863086 2314863064 32.646
2314863086 2314863125 61.643
2314863092 2314863062 58.401
2314863092 2314863069 30.372999999999998
2314863092 2314863147 140.857
2314863094 2314863096 51.921
2314863094 8487449659 89.23
2314863094 2314863029 127.489
2314863096 2314863101 52.035
2314863096 2314863023 132.667
2314863096 2314863094 51.921
2314863096 8487449647 257.945
2314863101 2314863096 52.035
2314863101 2314863031 131.806
2314863101 2314863107 52.609
2314863101 9216343485 171.85499999999996
2314863107 2314863033 133.499
2314863107 2314863101 52.609
2314863107 2314863112 51.449
2314863107 2314863247 150.302
2314863112 2314863042 113.861
2314863112 2314863115 52.055
2314863112 2314863107 51.449
2314863112 2314863187 111.91399999999999
2314863115 2314863054 85.571
2314863115 2314863062 81.648
2314863115 2314863112 52.055
2314863115 2314863147 67.49000000000001
2314863125 2314863156 62.137
2314863125 2289699709 184.921
2314863125 2314863086 61.643
2314863125 2314863278 226.47
2314863130 3059448628 30.752
2314863130 2314863169 56.551
2314863130 3059448623 175.377
2314863141 2314863348 229.53
2314863141 2289699704 44.746
2314863141 2314863165 54.081
2314863147 2314863187 68.765
2314863147 2314863092 140.857
2314863147 2314863115 67.49000000000001
2314863156 2314863289 162.247
2314863156 2289699714 86.951
2314863156 2314863125 62.137
2314863165 2314863354 203.615
2314863165 2314863141 54.081
2314863165 2314863228 53.949
2314863169 2314863274 58.174
2314863169 2314863130 56.551
2314863169 6518174739 56.627
2314863187 2314863147 68.765
2314863187 2314863247 62.105
2314863187 2314863112 111.91399999999999
2314863215 2314863086 218.656
2314863215 2314863274 58.489
2314863215 2314863278 65.081
2314863228 2314863364 173.81
2314863228 2314863165 53.949
2314863228 2314863283 57.584
2314863247 2314863187 62.105
2314863247 9216343485 34.254999999999995
2314863247 2314863107 150.302
2314863274 2314863169 58.174
2314863274 2314863215 58.489
2314863274 2314863496 314.32
2314863278 2314863215 65.081
2314863278 2314863310 56.537
2314863278 2314863125 226.47
2314863283 2314863367 111.279
2314863283 2314863313 52.431
2314863283 2314863228 57.584
2314863289 2314863300 59.337
2314863289 2314863310 65.257
2314863289 2314863156 162.247
2314863292 2314863300 128.593
2314863292 2289699714 50.345
2314863292 2289699723 64.05199999999999
2314863300 2314863289 59.337
2314863300 2314863292 128.59300000000002
2314863300 2314863413 118.93
2314863310 2314863289 65.257
2314863310 2314863278 56.537
2314863310 2314863326 18.897
2314863313 2314863283 52.431
2314863313 2314863332 26.626
2314863326 2314863310 18.897
2314863332 2314863313 26.626
2314863339 2314863348 36.038
2314863339 2289699723 22.145
2314863348 2314863141 229.53
2314863348 2314863354 59.626
2314863354 2314863165 203.615
2314863354 2314863364 59.41
2314863357 2314863361 17.189
2314863357 6518174739 150.943
2314863357 2314863956 598.927
2314863361 2314863369 11.074
2314863361 2314863357 17.189
2314863361 2314863505 200.086
2314863364 2314863228 173.81
2314863364 2314863367 71.887
2314863367 2314863283 111.279
2314863367 2314863313 98.668
2314863369 2314863380 57.663
2314863369 2314863361 11.074
2314863380 2314863369 57.663
2314863380 2314863434 51.927
2314863380 2289699741 189.742
2314863413 2289699733 64.006
2314863413 2314863300 118.93
2314863413 2314863494 126.141
2314863427 2314863369 54.623
2314863427 2314863434 57.739
2314863434 2314863427 57.739
2314863434 2314863380 51.927
2314863434 2314863518 145.597
2314863459 7866945567 2081.623000000001
2314863459 2314864304 2698.5049999999997
2314863459 2314862950 1391.4070000000002
2314863494 2314863543 59.095
2314863494 2314863496 25.83
2314863494 2314863413 126.141
2314863496 2314863494 25.83
2314863496 2314863543 59.509
2314863496 2314863274 314.32
2314863505 2314863520 20.674
2314863513 2314863427 145.143
2314863513 2314863505 12.107
2314863518 2314863513 58.063
2314863518 2314863434 145.597
2314863518 2314863546 21.967
2314863520 2314863526 12.011
2314863520 2314863639 145.183
2314863526 2314863513 20.793
2314863526 2314863546 58.334
2314863543 2314863494 59.095
2314863543 2314863496 59.509
2314863543 2289699780 222.976
2314863546 2314863518 21.967
2314863546 2314863642 199.062
2314863595 2314863600 24.884
2314863600 2314863595 24.884
2314863600 2314863635 80.73400000000001
2314863600 2314863760 112.05000000000001
2314863609 2314863768 82.165
2314863635 2314863803 117.08800000000001
2314863635 2314863600 80.73400000000001
2314863635 2314863910 198.966
2314863639 2314863959 230.743
2314863639 2314863642 11.306
2314863642 2314863526 144.987
2314863642 2314863639 11.306
2314863642 2314863546 199.062
2314863718 2314863734 70.799
2314863728 2314863779 32.356
2314863734 2314863718 70.799
2314863734 2314863829 68.861
2314863734 2314863760 61.711
2314863742 2314863843 72.098
2314863760 2314863840 63.251
2314863760 2314863734 61.711
2314863760 2314863600 112.05000000000001
2314863768 2314863609 82.165
2314863768 2314863808 129.321
2314863768 2314863931 152.648
2314863779 2314863823 40.478
2314863779 2314863728 32.356
2314863779 2289699777 272.034
2314863797 2314863937 114.431
2314863803 2314863923 104.815
2314863803 2289699780 8.067
2314863808 7523055790 148.327
2314863808 7523018272 221.23700000000002
2314863808 2314863768 129.321
2314863823 2314863843 65.06
2314863823 2314863779 40.478
2314863823 2314863870 43.978
2314863829 2314863734 68.861
2314863829 2314863907 64.044
2314863829 2314863840 56.824
2314863829 2314863832 190.06599999999997
2314863832 2314863876 45.461
2314863832 2314863857 41.069
2314863832 2314863829 190.06599999999997
2314863840 2314863909 67.653
2314863840 2314863760 63.251
2314863840 2314863829 56.824
2314863843 2314863742 72.098
2314863843 2314863849 73.914
2314863843 2314863823 65.06
2314863849 2314863843 73.914
2314863857 2314863832 41.069
2314863857 2314863865 24.446
2314863857 2314863868 18.826999999999998
2314863865 2314863868 27.283
2314863865 2314863857 24.446
2314863865 2314864039 244.407
2314863868 2314863865 27.283
2314863868 2314863876 45.693
2314863868 2314863857 18.826999999999998
2314863870 2314863823 43.978
2314863870 2289699782 279.478
2314863870 2314863893 42.029
2314863876 2314863832 45.461
2314863876 2314863868 45.693
2314863876 2314863907 167.013
2314863893 2314863973 51.926
2314863893 2314863914 136.541
2314863893 2314863870 42.029
2314863907 2314863876 167.013
2314863907 2314863909 51.698
2314863907 2314863829 64.044
2314863907 2314864045 112.445
2314863909 2314863840 67.653
2314863909 2314863907 51.698
2314863909 2314863910 54.117
2314863909 2314864045 92.914
2314863910 2314864067 106.25
2314863910 2314863909 54.117
2314863910 2314863923 68.408
2314863910 2314863635 198.966
2314863914 2314863893 136.541
2314863923 2314864073 107.813
2314863923 2314863910 68.408
2314863923 2314863803 104.815
2314863923 2314863937 39.211
2314863931 2314864038 70.261
2314863931 2314863768 152.648
2314863931 7523018272 346.505
2314863937 2314864050 78.991
2314863937 2314863797 114.431
2314863937 2314863923 39.211
2314863937 2314863956 60.236
2314863956 2314863959 17.84
2314863956 2314863357 598.927
2314863956 2314863937 60.236
2314863956 2314864110 168.14600000000002
2314863959 2314863956 17.84
2314863959 2314863968 10.07
2314863959 2314864166 253.024
2314863968 2314863642 230.581
2314863968 2314863959 10.07
2314863968 2289699813 235.377
2314863973 2314864006 128.984
2314863973 2314863893 51.926
2314863973 2314864064 73.777
2314863995 2289699792 267.872
2314864004 2314864034 130.681
2314864004 2289699792 54.973
2314864004 2289699813 21.537
2314864006 2314863973 128.984
2314864034 2314864004 130.681
2314864034 2314864064 183.202
2314864034 2314864136 158.63400000000001
2314864038 2314864152 416.21700000000004
2314864038 3059448769 2065.3130000000006
2314864038 2314863931 70.261
2314864038 2314864039 132.834
2314864039 9284067780 74.98599999999999
2314864039 2314864038 132.834
2314864039 2314863865 244.407
2314864045 2314863909 92.914
2314864045 2314863907 112.445
2314864045 2314864067 56.256
2314864050 2314863937 78.991
2314864064 2314864034 183.202
2314864064 2314863973 73.777
2314864064 2314864170 183.804
2314864067 2314864073 67.12
2314864067 2314863910 106.25
2314864067 2314864092 61.099999999999994
2314864067 2314864045 56.256
2314864073 2314864067 67.12
2314864073 2314863923 107.813
2314864073 2314864090 50.120000000000005
2314864090 2314864110 78.88
2314864090 2314864092 75.707
2314864090 2314864202 196.79399999999998
2314864090 2314864073 50.120000000000005
2314864092 2314864094 15.4
2314864092 2314864090 75.707
2314864092 2314864067 61.099999999999994
2314864092 2314864189 172.541
2314864094 2314864092 15.4
2314864110 2314864134 44.466
2314864110 2314864090 78.88
2314864110 2314863956 168.14600000000002
2314864128 2314864181 101.467
2314864134 2314864110 44.466
2314864134 2314864230 196.855
2314864134 2314864166 51.357
2314864136 2314864170 125.73
2314864136 2314864236 221.656
2314864136 2314864034 158.63400000000001
2314864152 3061696963 31.698
2314864152 9705723359 506.374
2314864152 2314864038 416.217
2314864166 2314864174 7.246
2314864166 2314864134 51.357
2314864170 2314864064 183.804
2314864170 2314864175 80.367
2314864170 2314864136 125.73
2314864174 2314864193 145.797
2314864174 2314864166 7.246
2314864174 2314863968 254.87099999999998
2314864175 2314864170 80.367
2314864181 2289699914 81.238
2314864181 2314864128 101.467
2314864181 2314864215 67.111
2314864189 2314864198 34.49
2314864189 2314864191 94.09
2314864189 2314864092 172.541
2314864191 2314864189 94.09
2314864193 2289699967 81.606
2314864193 2314864174 145.797
2314864193 2314864310 179.304
2314864198 2314864202 63.927
2314864198 2314864226 72.27699999999999
2314864198 2314864189 34.49
2314864202 2314864198 63.927
2314864202 2314864230 63.648
2314864202 2314864090 196.794
2314864215 2314864181 67.111
2314864215 2314864285 107.566
2314864215 2289699967 85.837
2314864215 2314864236 140.993
2314864226 2314864198 72.277
2314864230 2314864134 196.855
2314864230 2314864332 140.13299999999998
2314864230 2314864202 63.648
2314864236 2314864272 28.736
2314864236 2314864264 29.836
2314864236 2314864136 221.656
2314864236 2314864215 140.993
2314864262 2314864285 101.156
2314864262 2314864322 77.259
2314864262 2289699967 97.64999999999999
2314864264 2314864289 105.6
2314864264 2314864236 29.836
2314864264 2314864272 35.394
2314864270 2314864287 25.586
2314864272 2314864236 28.736
2314864272 2314864264 35.394
2314864272 2314864291 102.854
2314864281 2314864287 72.99
2314864281 2314864365 155.25900000000001
2314864281 2314864283 53.55500000000001
2314864283 2314864281 53.55500000000001
2314864285 2314864262 101.156
2314864285 2314864215 107.566
2314864285 2314864291 29.134
2314864285 2314864333 82.452
2314864287 2314864281 72.99
2314864287 2314864341 105.34
2314864287 2314864270 25.586
2314864289 2314864330 63.471
2314864289 2314864304 64.66
2314864289 2314864264 105.6
2314864291 2314864296 15.649
2314864291 2314864285 29.134
2314864291 2314864272 102.854
2314864296 2314864347 80.349
2314864296 2314864291 15.649
2314864296 2314864325 58.907
2314864304 2314864289 64.66
2314864304 2314863459 2698.5050000000006
2314864304 9171525848 179.846
2314864310 2314864361 97.581
2314864310 2314864193 179.304
2314864310 2314864322 84.073
2314864322 2314864333 107.069
2314864322 2314864262 77.259
2314864322 2314864310 84.073
2314864322 2314864380 101.80300000000001
2314864325 2314864296 58.907
2314864325 2314864330 174.16899999999998
2314864325 2314864352 76.68599999999999
2314864327 2314864341 45.684
2314864330 2314864289 63.471
2314864330 2314864325 174.16899999999998
2314864330 2314864352 260.72400000000005
2314864332 2314864343 13.879
2314864332 2314864230 140.13299999999998
2314864333 2314864322 107.069
2314864333 2314864390 101.075
2314864333 2314864285 82.452
2314864333 2314864347 44.604
2314864341 2314864327 45.684
2314864341 2314864365 65.654
2314864341 2314864287 105.34
2314864341 2314864403 198.29200000000003
2314864343 2314864332 13.879
2314864343 2314864405 136.732
2314864343 2314864403 391.026
2314864347 2314864296 80.349
2314864347 2314864363 56.569
2314864347 2314864333 44.604
2314864352 2314864369 33.24
2314864352 2314864325 76.68599999999999
2314864352 2314864330 260.724
2314864361 2314864332 119.235
2314864363 2314864392 71.966
2314864363 2314864347 56.569
2314864363 2314864369 66.332
2314864365 2314864395 68.987
2314864365 2314864341 65.654
2314864365 2314864415 177.507
2314864365 2314864281 155.25900000000001
2314864369 2314864391 44.667
2314864369 2314864352 33.24
2314864369 2314864363 66.332
2314864371 2314864400 64.68
2314864371 2314864361 69.605
2314864380 2314864390 99.571
2314864380 2314864322 101.80300000000001
2314864380 2314864371 30.369
2314864382 2314864420 396.63100000000003
2314864385 2314864395 31.638
2314864390 2314864333 101.075
2314864390 2314864380 99.571
2314864390 2314864421 92.522
2314864390 2314864393 72.688
2314864391 2314864392 52.012
2314864391 2314864369 44.667
2314864391 2314864427 114.09199999999998
2314864392 2314864393 63.758
2314864392 2314864391 52.012
2314864392 2314864363 71.966
2314864392 2314864443 163.426
2314864393 2314864392 63.758
2314864393 2314864424 88.991
2314864393 2314864390 72.688
2314864395 2314864385 31.638
2314864395 2314864365 68.987
2314864395 2314864420 99.07
2314864400 2314864405 131.185
2314864400 10959762691 129.149
2314864403 2314864341 198.29200000000003
2314864403 2314864343 391.02599999999995
2314864403 2314864415 81.608
2314864405 2314864343 136.732
2314864405 2314864449 126.777
2314864405 2314864400 131.185
2314864405 2314864416 133.728
2314864415 2314864365 177.507
2314864415 2314864420 97.653
2314864415 2314864403 81.608
2314864416 2314864433 64.467
2314864416 2314864405 133.728
2314864416 2314864430 153.922
2314864420 2314864382 396.631
2314864420 2314864395 99.07
2314864420 2314864415 97.653
2314864421 2314864390 92.522
2314864424 2314864393 88.991
2314864427 2314864443 51.227
2314864427 2314864465 84.216
2314864427 2314864391 114.09199999999998
2314864430 2314864433 169.26
2314864430 2314864416 153.922
2314864430 2314864488 148.587
2314864433 2314864416 64.467
2314864433 2314864456 48.702
2314864433 2314864430 169.26
2314864440 2314864467 52.76
2314864440 2314864453 183.79399999999998
2314864440 10959762691 83.30000000000001
2314864443 2314864427 51.227
2314864443 2314864392 163.426
2314864443 2314864453 121.059
2314864449 2314864405 126.777
2314864449 245448305 76.388
2314864449 2314864456 136.537
2314864449 10959762691 137.34300000000002
2314864453 2314864467 129.061
2314864453 2314864443 121.059
2314864453 2314864440 183.79399999999998
2314864456 2314864433 48.702
2314864456 2314864449 136.537
2314864456 2314864529 76.818
2314864456 2314864476 79.397
2314864465 2314864427 84.216
2314864465 2314864503 47.533
2314864467 2314864440 52.76
2314864467 2314864453 129.061
2314864467 2314864592 138.413
2314864476 2314864488 65.734
2314864476 2314864456 79.397
2314864476 2314864546 80.352
2314864488 2314864476 65.734
2314864488 2314864606 334.14
2314864488 2314864430 148.58700000000002
2314864488 2314864540 70.299
2314864503 2314864507 9.04
2314864503 2314864592 259.826
2314864505 2314864679 287.01099999999997
2314864505 2314864465 45.44
2314864507 2314864505 21.234
2314864529 245448305 135.018
2314864529 2314864656 112.954
2314864529 2314864538 73.088
2314864529 2314864456 76.818
2314864538 2314864623 87.037
2314864538 2314864546 33.188
2314864538 2314864529 73.088
2314864540 2314864604 73.567
2314864540 2314864488 70.299
2314864540 2314864557 164.663
2314864546 2314864538 33.188
2314864546 2314864697 187.387
2314864546 2314864476 80.35199999999999
2314864548 2314864507 73.381
2314864548 2314864679 312.89399999999995
2314864554 2314864572 23.305
2314864557 2314864540 164.663
2314864572 2314864554 23.305
2314864572 2314864578 36.337
2314864572 2314864656 98.493
2314864574 2314864606 55.859
2314864578 2314864572 36.337
2314864592 2314864633 32.843
2314864592 2314864467 138.413
2314864604 2314864540 73.567
2314864604 2314864626 103.285
2314864604 2314864697 73.77600000000001
2314864606 2314864574 55.859
2314864606 2314864488 334.14
2314864606 2314864653 30.036
2314864623 2314864538 87.037
2314864623 2314864682 40.021
2314864623 2314864704 89.781
2314864626 2314864604 103.285
2314864633 2314864592 32.843
2314864633 2314864548 184.502
2314864633 2314864746 114.386
2314864653 2314864658 118.984
2314864653 2314864606 30.036
2314864653 2314864725 77.974
2314864653 2314864770 180.281
2314864656 2314864529 112.954
2314864656 2314864688 35.216
2314864656 2314864572 98.493
2314864658 2314864653 118.984
2314864679 9171525892 15.702
2314864679 2314864505 287.011
2314864679 2314864548 312.894
2314864682 2314864623 40.021
2314864688 2314864656 35.216
2314864695 2314864758 55.423
2314864697 2314864712 49.225
2314864697 2314864546 187.387
2314864697 2314864604 73.77600000000001
2314864704 2314864623 89.781
2314864712 2314864697 49.225
2314864714 2314864758 76.407
2314864714 9171525892 39.307
2314864714 2314864872 234.46599999999998
2314864721 2314864725 76.69
2314864725 2314864721 76.69
2314864725 2314864653 77.974
2314864725 2314864825 102.024
2314864725 2314864812 124.23700000000001
2314864746 2314864776 4.845
2314864746 2314864964 699.891
2314864746 2314864633 114.386
2314864758 2314864695 55.423
2314864758 2314864714 76.407
2314864758 2314864873 200.076
2314864758 2314864831 71.537
2314864770 2314864653 180.281
2314864776 2314864746 4.845
2314864776 245449243 60.556000000000004
2314864797 5423157414 416.423
2314864803 2314864776 48.655
2314864803 2314864998 857.6750000000001
2314864803 245449243 75.354
2314864812 2314864725 124.237
2314864825 2314864725 102.024
2314864831 2314864758 71.537
2314864831 9171525900 216.14
2314864831 3061697428 359.00199999999995
2314864870 2314864872 21.369
2314864872 2314864873 81.54
2314864872 2314864870 21.369
2314864872 2314864946 304.415
2314864872 2314864714 234.46599999999998
2314864873 2314864872 81.54
2314864873 2314864928 243.107
2314864873 2314864758 200.076
2314864928 2314864873 243.107
2314864946 2314864872 304.415
2314864964 2314864746 699.8909999999998
2314864964 3061697455 734.2519999999998
2314864964 7123114724 1574.7180000000003
2314864998 245448152 25.356
2314864998 2314865003 47.781000000000006
2314864998 2314864803 857.6750000000001
2314865003 2314865007 45.167
2314865003 245448152 29.308999999999997
2314865007 2314865072 415.274
2314865007 2314865003 45.167
2314865007 2314865014 36.141000000000005
2314865014 7123114723 1138.9810000000002
2314865014 245448152 61.620000000000005
2314865072 2314865007 415.274
2314865072 2314865124 209.49800000000002
2314865072 2314865085 218.556
2314865085 2314865100 94.743
2314865085 2314865184 699.9060000000001
2314865085 2314865072 218.556
2314865100 2314865106 221.729
2314865100 2314865085 94.743
2314865100 2314865126 95.436
2314865106 2314865100 221.729
2314865124 2314865126 194.155
2314865124 2314865149 115.461
2314865124 2314865072 209.49800000000002
2314865126 2314865124 194.155
2314865126 2314865100 95.436
2314865126 2314865151 114.187
2314865126 2314865128 93.117
2314865128 2314865126 93.117
2314865128 2314865169 205.229
2314865128 2314865169 370.61199999999997
2314865149 2314865151 194.914
2314865149 2314865177 115.938
2314865149 2314865124 115.461
2314865151 2314865149 194.914
2314865151 2314865126 114.187
2314865151 2314865171 76.556
2314865169 2314865185 129.563
2314865169 2314865128 205.229
2314865169 2314865128 370.61199999999997
2314865171 2314865151 76.556
2314865171 2314865179 36.825
2314865171 2314865201 217.375
2314865177 2314865179 194.09
2314865177 2314865189 113.615
2314865177 2314865149 115.938
2314865179 2314865177 194.09
2314865179 2314865171 36.825
2314865179 2314865190 116.014
2314865184 2314865185 35.93
2314865184 2314865213 179.33599999999998
2314865184 2314865085 699.906
2314865185 2314865184 35.93
2314865185 2314865169 129.563
2314865185 2314865201 109.033
2314865189 2314865190 192.767
2314865189 2314865206 93.226
2314865189 2314865177 113.615
2314865190 2314865189 192.767
2314865190 2314865179 116.014
2314865190 2314865208 93.832
2314865201 2314865185 109.033
2314865201 2314865171 217.375
2314865201 2314865223 131.726
2314865206 2314865208 193.177
2314865206 2314865231 100.783
2314865206 2314865189 93.226
2314865208 2314865206 193.177
2314865208 2314865190 93.832
2314865208 2314865217 44.267
2314865213 2314865223 90.768
2314865213 2314865184 179.336
2314865213 3061697873 1314.7910000000004
2314865217 2314865208 44.267
2314865217 2314865251 97.085
2314865217 2314865231 208.11599999999999
2314865223 2314865213 90.768
2314865223 2314865251 111.387
2314865223 2314865201 131.726
2314865231 2314865206 100.783
2314865231 2314865251 240.04399999999998
2314865231 2314865290 374.63100000000003
2314865231 2314865217 208.116
2314865245 2314865281 67.292
2314865251 2314865217 97.085
2314865251 2314865231 240.044
2314865251 2314865223 111.387
2314865278 2314865284 54.262
2314865278 2314865281 265.278
2314865278 2314865290 73.352
2314865281 2314865245 67.292
2314865281 2314865307 104.68
2314865281 2314865278 265.278
2314865284 2314865307 186.623
2314865284 2314865278 54.262
2314865284 2314865314 103.301
2314865290 2314865231 374.631
2314865290 2314865278 73.352
2314865290 2314865304 46.607
2314865304 2314865322 135.178
2314865304 2314865355 392.514
2314865304 2314865290 46.607
2314865307 2314865320 96.103
2314865307 2314865284 186.623
2314865307 2314865281 104.68
2314865314 2314865320 147.341
2314865314 2314865284 103.301
2314865314 2314865323 104.653
2314865320 2314865307 96.103
2314865320 2314865314 147.341
2314865320 2314865357 236.47599999999997
2314865322 2314865323 92.818
2314865322 2314865304 135.178
2314865322 2314865350 164.764
2314865323 2314865322 92.818
2314865323 2314865314 104.653
2314865323 2314865357 205.07999999999998
2314865350 3061697883 2082.699
2314865350 2314865366 138.429
2314865350 2314865322 164.764
2314865355 2314865304 392.51399999999995
2314865357 2314865366 100.74900000000001
2314865357 2314865320 236.476
2314865357 2314865323 205.07999999999998
2314865366 2314865357 100.74900000000001
2314865366 2314865392 555.952
2314865366 2314865350 138.429
2314865387 243698702 35.618
2314865387 2314865392 26.324
2314865387 243698711 624.937
2314865392 243698702 30.539
2314865392 2314865366 555.952
3057655046 3057655106 1953.1899999999996
3057655106 3057655111 154.64600000000002
3057655106 3057655046 1953.1900000000007
3057655106 3059448276 149.45299999999997
3057655111 3059448380 261.417
3057655111 3057655106 154.64600000000002
3057655111 3059448360 119.43300000000002
3057655119 3059448420 523.3290000000001
3057655119 3059448380 608.4939999999999
3057655119 3059448432 328.541
3059448094 3059448123 69.84299999999999
3059448121 3059448123 65.093
3059448123 3059448128 8.277
3059448123 3059448121 65.093
3059448123 3059448094 69.84299999999999
3059448128 3059448123 8.277
3059448128 3059448174 132.546
3059448128 3059448144 139.084
3059448137 3059448165 77.88
3059448137 3059448144 786.8800000000002
3059448137 3059448159 155.447
3059448144 2289698815 461.67900000000003
3059448144 3059448137 786.8799999999999
3059448144 3059448128 139.084
3059448159 3059448137 155.447
3059448165 3059448220 172.62199999999999
3059448165 3059448137 77.88
3059448165 3059448181 54.076
3059448174 3059448389 654.1770000000001
3059448174 3059448220 234.05800000000002
3059448174 3059448128 132.54600000000002
3059448181 3059448165 54.076
3059448220 3059448165 172.622
3059448220 3059448380 1434.3880000000004
3059448220 3059448174 234.058
3059448276 3057655106 149.45299999999997
3059448360 3057655111 119.43299999999999
3059448380 3057655119 608.494
3059448380 3057655111 261.417
3059448380 3059448220 1434.3879999999995
3059448384 3059448421 334.80099999999993
3059448389 3059448510 1125.1860000000001
3059448389 2289698815 284.133
3059448389 3059448174 654.1769999999999
3059448420 6106806173 87.255
3059448420 3057655119 523.329
3059448420 3059448462 474.728
3059448421 3059448437 213.304
3059448421 3059448384 334.801
3059448421 3059448496 705.2850000000001
3059448432 3057655119 328.541
3059448437 3059448421 213.30399999999997
3059448440 3059448462 550.24
3059448462 3059448440 550.24
3059448462 3059448579 1034.3959999999997
3059448462 3059448420 474.728
3059448466 3059448470 41.027
3059448468 3059448470 93.952
3059448470 3059448468 93.952
3059448470 3059448478 49.968
3059448470 3059448466 41.027
3059448474 3059448496 446.59099999999995
3059448475 3059448478 81.321
3059448478 8335750920 54.843
3059448478 3059448470 49.968
3059448478 3059448475 81.321
3059448496 3059448474 446.59099999999995
3059448496 3059448421 705.2850000000001
3059448496 3059448510 519.0809999999999
3059448510 2289699384 239.232
3059448510 3059448389 1125.1860000000001
3059448510 3059448496 519.081
3059448515 2289699641 678.1310000000001
3059448541 3059448561 656.399
3059448561 2289699641 689.324
3059448561 2289699384 164.78699999999998
3059448561 3059448541 656.3990000000001
3059448566 3059448572 93.78899999999999
3059448572 3059448579 137.506
3059448572 3059448566 93.78899999999999
3059448572 3059448585 76.003
3059448579 3059448572 137.50600000000003
3059448579 3059448623 343.697
3059448579 3059448462 1034.396
3059448585 3059448572 76.00300000000001
3059448591 3059448607 257.163
3059448603 3059448607 287.22700000000003
3059448607 3059448591 257.163
3059448607 3059448603 287.22700000000003
3059448607 2289699641 206.899
3059448623 2314863130 175.377
3059448623 3059448579 343.697
3059448623 3059448625 169.872
3059448625 3059448623 169.872
3059448628 2314863083 73.102
3059448628 2314863130 30.752
3059448628 3059448737 65.387
3059448737 3059448628 65.387
3059448769 2314864038 2065.3130000000006
3059448793 3059448862 891.436
3059448793 9705723359 328.498
3059448793 4545114293 1207.9450000000004
3059448862 3059448793 891.436
3059448862 3059448880 163.584
3059448880 3059448862 163.584
3061696963 2314864152 31.698
3061696963 3061696963 183.74900000000002
3061696963 3061696963 183.74900000000002
3061697112 9171525848 412.718
3061697342 3061697428 187.267
3061697428 3061697342 187.267
3061697428 2314864831 359.002
3061697428 3061697437 35.146
3061697437 3061697428 35.146
3061697455 2314864964 734.2520000000001
3061697455 7866945567 1572.679
3061697455 3061697502 161.072
3061697502 3061697455 161.072
3061697873 3061697883 651.5269999999999
3061697873 2314865213 1314.7910000000002
3061697873 7863868995 641.075
3061697883 4543839425 3817.6730000000002
3061697883 3061697873 651.527
3061697883 2314865350 2082.6989999999996
4390756823 2289701834 1450.9270000000004
4543839425 3061697883 3817.673
4543839425 7772593081 388.34899999999993
4545114293 3059448793 1207.945
4545114327 2289699384 1466.87
5134000926 5134000957 10.477
5134000926 5134000933 7.535
5134000933 5134000926 39.958999999999996
5134000957 5134000933 6.85
5134000957 5134001027 342.4189999999999
5134000982 5134000995 10.424
5134000982 5134001026 418.681
5134000995 5134000999 42.181000000000004
5134000999 5134000982 11.312
5134000999 5134000995 10.838
5134001021 5134001026 58.809
5134001026 5134000982 418.68100000000004
5134001026 5134001027 30.061999999999998
5134001026 5134001021 58.809000000000005
5134001027 5134001028 69.136
5134001027 5134001026 30.061999999999998
5134001027 5134000957 342.419
5134001028 5134001027 69.136
5134001028 5134001046 115.306
5134001028 5134001135 2408.489
5134001046 7852825844 350.64899999999994
5134001046 5134001028 115.306
5134001135 243698701 1501.8580000000002
5134001135 5134001028 2408.489
5206410353 7831482355 2215.6380000000004
5206410353 7712443227 799.1179999999998
5206410353 7712459249 171.123
5206410393 7831482358 894.748
5206410393 2289701726 398.264
5206410403 7712443227 41.397
5423157391 5423157405 442.867
5423157405 5423157391 442.867
5423157405 5423160132 3075.3889999999988
5423157405 5423157414 379.22099999999995
5423157414 2314864797 416.423
5423157414 5423158536 634.893
5423157414 5423157405 379.22100000000006
5423158536 5423157414 634.893
5423158536 5423158570 1151.154
5423158536 5423158541 158.10500000000002
5423158541 5423158536 158.105
5423158556 5423158570 647.9909999999999
5423158556 5423160132 1233.375
5423158556 5423158571 347.249
5423158570 5423158536 1151.1539999999998
5423158570 2314862950 580.942
5423158570 5423158556 647.991
5423158571 5423158572 165.842
5423158571 5423158556 347.249
5423158571 5423160170 446.72900000000004
5423158572 5423158571 165.842
5423158575 7867120803 284.379
5423158576 2289699572 125.218
5423158579 2289699683 778.1579999999999
5423158579 2289699572 118.264
5423158579 5423158582 130.627
5423158582 5423158579 130.62699999999998
5423160132 5423158556 1233.3750000000005
5423160132 7864818262 183.891
5423160132 5423157405 3075.388999999999
5423160170 7867120803 22.764
5423160170 2289699572 700.682
5423160170 5423158571 446.729
6106806161 2289698986 59.075
6106806161 6106806174 104.786
6106806163 6106806161 75.048
6106806173 3059448420 87.255
6106806173 6106806163 77.496
6106806174 2289698986 96.56299999999999
6106806174 6518174739 1869.212
6518174739 2314863169 56.627
6518174739 2314863357 150.943
6518174739 6106806174 1869.212
7123114678 7123114723 1277.0049999999999
7123114723 7123114678 1277.005
7123114723 2314865014 1138.981
7123114723 243698716 130.682
7123114724 2314864964 1574.7180000000003
7523018272 2314863931 346.505
7523018272 2314863808 221.23700000000002
7523018272 7523048798 97.421
7523025282 10007731372 158.076
7523048798 7523058274 90.333
7523048798 10007731372 106.621
7523048798 7523018272 97.42099999999999
7523048810 7523048859 236.26600000000002
7523048859 7523048860 192.537
7523048859 7523048810 236.266
7523048859 7523058274 32.104
7523048860 7523048859 192.537
7523055790 2314863808 148.327
7523058274 7523058275 152.422
7523058274 7523048859 32.104
7523058274 7523048798 90.333
7523058275 7523058274 152.422
7712443227 5206410403 41.397
7712443227 5206410353 799.118
7712443227 7832240879 285.897
7712459249 5206410353 171.12300000000002
7772593081 4543839425 388.349
7825039498 2289700967 3680.5979999999995
7831482294 7831482358 1134.826
7831482310 7831482311 375.2250000000001
7831482311 2289700967 1585.416
7831482311 7831482328 485.342
7831482311 7831482310 375.2250000000001
7831482327 7831482328 467.55400000000003
7831482328 7831482311 485.34200000000004
7831482328 2289701726 66.541
7831482328 7831482327 467.554
7831482355 7831482358 160.515
7831482355 5206410353 2215.6379999999995
7831482355 7831513319 488.865
7831482358 5206410393 894.7479999999997
7831482358 7831482355 160.515
7831482358 7831482294 1134.8259999999998
7831513319 7831482355 488.865
7832189370 7832189371 37.974
7832189370 7832224892 445.9080000000001
7832189370 7852489941 199.65699999999998
7832189371 7832189370 37.974
7832189371 7832224895 288.46500000000003
7832189371 7832224892 855.363
7832224892 7832189370 445.908
7832224892 2289700964 617.7540000000001
7832224892 7832189371 855.363
7832224895 7832189371 288.46500000000003
7832240879 7712443227 285.897
7852209519 7852209552 11.318
7852209519 7860614224 526.076
7852209519 7860664699 545.245
7852209552 7852209519 11.318
7852209552 7852209575 647.741
7852209552 7852229709 823.2299999999998
7852209575 7852209552 647.7410000000001
7852229709 7852209552 823.23
7852229709 7852760411 291.34000000000003
7852229709 7852229730 760.98
7852229729 7852760411 1139.346
7852229730 2289701499 532.0609999999999
7852229730 2289701627 142.28
7852229730 7852229709 760.98
7852413732 7852419087 30.865
7852413732 7852413751 47.674
7852413732 7852413769 462.547
7852413751 7852413732 47.674
7852413751 7852419087 48.078
7852413751 7852413752 495.33400000000006
7852413752 7852413751 495.334
7852413767 7852413769 63.909
7852413767 7852489959 658.3489999999999
7852413767 7852489912 172.337
7852413769 7852413732 462.547
7852413769 7852419087 656.1779999999999
7852413769 7852413767 63.909
7852419087 7852413732 30.865
7852419087 7852413751 48.078
7852419087 7852413769 656.1779999999998
7852419090 2289701620 25.342
7852419090 2289701623 30.402
7852419090 7852489959 81.12
7852419109 2289701276 753.4330000000001
7852419126 7852419164 317.68100000000004
7852419126 7852419144 279.078
7852419126 7852419145 441.592
7852419144 2289701579 732.677
7852419144 7852825806 301.43100000000004
7852419144 7852419126 279.078
7852419145 7852419126 441.59200000000004
7852419145 7852419164 211.591
7852419145 2289701579 298.106
7852419164 7852419126 317.681
7852419164 7852419183 368.118
7852419164 7852419145 211.59100000000004
7852419183 7852419164 368.11799999999994
7852419186 7852419187 201.024
7852419186 7852825844 899.1069999999996
7852419186 7852419193 52.101
7852419187 7852419186 201.02399999999997
7852419190 7852419193 217.47199999999998
7852419193 7852419190 217.47199999999998
7852419193 7852419186 52.101
7852419193 2289701627 75.02300000000001
7852489907 7852489912 231.48799999999997
7852489912 7852489907 231.488
7852489912 7852489920 141.273
7852489912 7852413767 172.33699999999996
7852489920 7852489912 141.273
7852489941 7832189370 199.657
7852489958 7852489959 528.553
7852489959 7852413767 658.3489999999999
7852489959 7852419090 81.12
7852489959 7852489958 528.553
7852760410 7852760411 393.253
7852760411 7852229729 1139.346
7852760411 7852229709 291.34
7852760411 7852760410 393.253
7852813634 7852813636 70.74
7852813634 7852825803 357.971
7852813634 7852813635 91.47999999999999
7852813635 7852813636 68.851
7852813635 7852813634 91.47999999999999
7852813635 7852813638 222.99699999999999
7852813636 7852813634 70.74
7852813636 7852813635 68.851
7852813636 7852813638 299.204
7852813638 7852813636 299.204
7852813638 7852813635 222.997
7852813638 7852813656 65.27199999999999
7852813651 7852813655 238.63600000000002
7852813655 7852813651 238.63600000000002
7852813655 7852813658 24.448999999999998
7852813655 7852813656 53.318
7852813656 7852813655 53.318
7852813656 7852813638 65.27199999999999
7852813656 7852813658 36.349000000000004
7852813658 7852813655 24.448999999999998
7852813658 7852813656 36.349000000000004
7852813658 7852825806 566.705
7852825803 7852813634 357.971
7852825806 7852419144 301.431
7852825806 2289701623 1858.1050000000002
7852825806 7852813658 566.705
7852825843 7852825844 474.865
7852825844 5134001046 350.649
7852825844 7852419186 899.107
7852825844 7852825843 474.86499999999995
7860614224 7852209519 526.076
7860614239 2289701499 290.092
7860614261 7860614269 456.64000000000004
7860614269 7860664685 37.213
7860614269 7860614261 456.63999999999993
7860614269 2289701414 269.42900000000003
7860664685 7860614269 37.213
7860664685 2289701435 144.91699999999997
7860664685 7860664699 316.01800000000003
7860664697 7860664699 196.723
7860664699 7852209519 545.2449999999999
7860664699 7860664685 316.01800000000003
7860664699 7860664697 196.723
7860808752 243698716 159.54999999999998
7860808752 7860808762 67.89099999999999
7860808761 2289701430 56.42
7860808761 243698711 164.978
7860808762 7860808761 239.903
7861106641 243698701 893.904
7861106641 7861106648 142.479
7861106641 7864278234 963.979
7861106648 7861106641 142.47899999999998
7863868995 3061697873 641.075
7864278234 7861106641 963.979
7864818262 5423160132 183.89100000000002
7864818262 7864818278 1078.768
7864818262 7866907736 995.7360000000002
7864818278 7864818262 1078.768
7864818278 7864818281 288.11499999999995
7864818278 7864973938 905.0260000000001
7864818281 7864818278 288.115
7864818281 7864820495 1076.1089999999997
7864818281 7867072218 1869.465
7864820495 7864818281 1076.1090000000002
7864820495 2289700885 1011.101
7864820495 7867072250 252.571
7864973938 7864818278 905.0260000000001
7864993819 7864993826 267.09499999999997
7864993825 7864993826 162.024
7864993826 7864993819 267.09499999999997
7864993826 7864993825 162.024
7864993826 2289699463 370.30400000000003
7866894276 7866894280 458.84399999999994
7866894280 7866894276 458.84400000000005
7866894280 7866894284 359.548
7866894280 7867120180 692.6140000000001
7866894284 2314862931 964.6180000000002
7866894284 2289699235 401.1979999999999
7866894284 7866894280 359.548
7866907736 2289699683 583.9190000000001
7866907736 7864818262 995.7360000000001
7866907736 7866948925 338.03099999999995
7866945549 7867120126 200.481
7866945567 3061697455 1572.6789999999992
7866945567 2314863459 2081.623
7866945567 7867120142 762.2850000000001
7866948925 7866907736 338.031
7867066939 2289700885 934.1329999999999
7867066939 2289700964 87.267
7867066939 7867066947 594.582
7867066947 7867066939 594.582
7867072218 7864818281 1869.4650000000001
7867072250 7864820495 252.571
7867120126 7866945549 200.481
7867120126 7867120142 162.42700000000002
7867120126 7867120142 616.8839999999999
7867120142 7867120126 162.42700000000002
7867120142 7867120126 616.8839999999999
7867120142 7866945567 762.2850000000001
7867120180 7866894280 692.614
7867120803 5423160170 22.764
7867120803 2289699463 30.324
7867120803 5423158575 284.379
7867285002 2289699235 544.24
8237964431 8237964432 557.591
8237964431 245448305 184.28699999999998
8237964431 245449367 92.30600000000001
8237964432 8237964431 557.591
8335750920 3059448478 54.843
8335750920 2289699235 1197.472
8335750920 2289699148 91.387
8487449638 8487449650 82.867
8487449638 8487449647 52.218
8487449638 8487449657 99.843
8487449642 8487449647 24.643
8487449647 8487449638 52.218
8487449647 2314863096 257.94500000000005
8487449647 8487449642 24.643
8487449648 8487449650 21.562
8487449649 8487449657 25.664
8487449649 8487449659 7.67
8487449649 8487449656 33.019
8487449650 8487449638 82.867
8487449650 8487449651 120.027
8487449650 8487449654 46.36
8487449650 8487449648 21.562
8487449651 8487449650 120.027
8487449651 8487449652 21.137
8487449651 8487449655 62.251999999999995
8487449652 8487449651 21.137
8487449654 8487449650 46.36
8487449654 8487449655 150.836
8487449654 8487449656 14.709
8487449655 8487449658 49.327
8487449655 8487449654 150.836
8487449655 8487449651 62.251999999999995
8487449656 8487449654 14.709
8487449656 8487449657 24.733
8487449657 8487449638 99.843
8487449657 8487449649 25.664
8487449658 8487449655 49.327
8487449658 8487449659 153.761
8487449658 2314863029 167.135
8487449659 8487449658 153.761
8487449659 8487449649 7.67
8487449659 2314863094 89.23
9171525848 2314864304 179.846
9171525848 3061697112 412.71800000000013
9171525848 9171525857 262.09000000000003
9171525857 9171525848 262.09000000000003
9171525858 9171525900 48.192
9171525859 9171525861 96.843
9171525859 9171525862 73.14500000000001
9171525859 9171525865 148.48299999999998
9171525861 9171525875 68.077
9171525861 9171525859 96.843
9171525861 9171525870 73.423
9171525862 9171525876 18.446
9171525862 9171525875 126.504
9171525862 9171525859 73.14500000000001
9171525865 10959762653 21.238
9171525865 9171525859 148.48299999999998
9171525870 10959762671 21.274
9171525870 9171525861 73.423
9171525875 9171525862 126.504
9171525875 9171525861 68.077
9171525875 9171525892 146.407
9171525876 9171525862 18.446
9171525892 2314864714 39.307
9171525892 2314864679 15.702
9171525892 9171525875 146.407
9171525893 10959762662 32.647
9171525900 9171525858 48.192
9171525900 10959762671 100.447
9171525900 2314864831 216.14000000000001
9216343479 9216343480 138.757
9216343479 9216343482 62.314
9216343479 9216343487 26.467
9216343480 9216343479 138.757
9216343481 9216343482 146.306
9216343482 9216343481 146.306
9216343482 9216343483 65.546
9216343482 9216343479 62.314
9216343483 9216343484 93.561
9216343483 9216343482 65.546
9216343483 9216343485 105.46700000000001
9216343484 9216343483 93.561
9216343485 2314863247 34.255
9216343485 2314863101 171.855
9216343485 9216343483 105.46700000000001
9216343487 9216343479 26.467
9284067780 9284067780 382.60499999999996
9284067780 9284067780 382.60499999999996
9284067780 2314864039 74.98599999999999
9705723359 3059448793 328.49800000000005
9705723359 2314864152 506.374
9705723359 9705723365 220.25400000000002
9705723365 9705723359 220.25400000000002
10007731372 7523025282 158.076
10007731372 10959504487 105.769
10007731372 7523048798 106.62100000000001
10959504487 10007731372 105.769
10959762653 10959762677 54.872
10959762653 10959762662 18.881
10959762662 9171525865 11.800999999999998
10959762662 9171525893 32.647
10959762671 9171525900 100.447
10959762671 10959762677 31.913
10959762677 10959762653 54.872
10959762677 9171525870 24.816
10959762691 2314864380 181.063
10959762691 2314864440 83.30000000000001
10959762691 2314864449 137.34300000000002
