196 336 5
860793263 -47.0637219 -22.8170968
860796241 -47.0705632 -22.8182982
860796270 -47.0686502 -22.816094
860796300 -47.0678945 -22.8212429
890465235 -47.0677253 -22.8262216
890465275 -47.0678475 -22.8243278
890465295 -47.0667941 -22.8254277
893416300 -47.064346 -22.813246
893416332 -47.0677213 -22.8125458
893416335 -47.0711687 -22.813843
893416403 -47.0640583 -22.8183205
893416414 -47.0637396 -22.8183193
893416489 -47.0712104 -22.8140099
893416496 -47.0722683 -22.8148984
893416513 -47.0726782 -22.8168773
893416556 -47.0710796 -22.8139288
893416570 -47.0712036 -22.8138474
893416598 -47.0711328 -22.814008
893416720 -47.0692031 -22.8157707
893416730 -47.0697445 -22.8156806
893416761 -47.0720886 -22.816931
893416789 -47.0661781 -22.8204069
893416821 -47.0697356 -22.821603
893416838 -47.0683183 -22.8176083
893759828 -47.0641582 -22.8192121
893759833 -47.0645429 -22.8191223
893759839 -47.0657804 -22.8127009
893759840 -47.0697441 -22.8204663
893759842 -47.0683546 -22.8201921
893759845 -47.0671766 -22.8194758
893759848 -47.0663877 -22.8183771
893759851 -47.0661209 -22.8170935
893759854 -47.0664234 -22.8158053
893759857 -47.0671549 -22.8147412
893759860 -47.0683687 -22.8140081
893759864 -47.0697507 -22.8137537
893759874 -47.0627122 -22.8180352
893759883 -47.0616946 -22.8223277
893759884 -47.061951 -22.8230626
913720899 -47.0655514 -22.8222272
913720923 -47.0652787 -22.8224476
913720924 -47.0640214 -22.8242667
913720925 -47.0646221 -22.8218209
913720929 -47.064158 -22.8243184
913720931 -47.0654167 -22.8224818
913720933 -47.0656554 -22.8225893
913720938 -47.0673821 -22.8233998
913720940 -47.0667594 -22.8243378
913720943 -47.0661941 -22.8251599
913720949 -47.0664415 -22.8229583
913720950 -47.0652313 -22.8247951
913720952 -47.0647295 -22.8245706
913720955 -47.0671072 -22.821057
913720971 -47.0669915 -22.8210025
913720974 -47.0658621 -22.8226863
913720979 -47.0660827 -22.8204985
913720984 -47.0630906 -22.8238593
913720992 -47.068175 -22.823787
913721008 -47.0667459 -22.8253117
913721016 -47.0675466 -22.8265747
913721029 -47.0650879 -22.8249729
913721032 -47.0646589 -22.8246772
913826746 -47.0602323 -22.8334494
913826785 -47.0598129 -22.8328828
913826788 -47.0598546 -22.8327578
913826793 -47.060647 -22.8325559
914072106 -47.0677383 -22.8264947
914072148 -47.0667944 -22.8258198
914072151 -47.0640867 -22.8244273
914072238 -47.0664074 -22.8252714
914072254 -47.0670574 -22.8209042
914072257 -47.0671705 -22.8209634
915413497 -47.0627693 -22.8276152
915413498 -47.0657007 -22.8290324
915413668 -47.0618481 -22.8296178
915413670 -47.0618051 -22.8296134
915413677 -47.0619115 -22.8292819
915413721 -47.0614426 -22.8296532
915414325 -47.0662422 -22.8284607
915415294 -47.0603127 -22.8296093
915415295 -47.0600912 -22.8298831
915415302 -47.0603206 -22.8324696
915415849 -47.0600343 -22.8296624
915415851 -47.0599852 -22.8297528
915436255 -47.0624179 -22.8316701
915436256 -47.0650358 -22.8294886
915436260 -47.062436 -22.831929
915436265 -47.0621494 -22.8317759
915436276 -47.0621939 -22.8317058
915436293 -47.0603651 -22.8297504
915436294 -47.0652302 -22.8292901
915436299 -47.0650857 -22.8293562
915436312 -47.0654107 -22.8294994
1102452145 -47.0621455 -22.8294545
1102452161 -47.0640266 -22.8149229
1102452162 -47.0645787 -22.8136729
1102452251 -47.0617006 -22.8294638
1102452271 -47.0623068 -22.8295952
1102452331 -47.064836 -22.8137577
1102452333 -47.0712745 -22.8170552
1102485351 -47.0703518 -22.8157903
1102485452 -47.0691411 -22.818396
1102485660 -47.0682127 -22.8170907
1117542140 -47.069762 -22.8131152
1117940568 -47.0686651 -22.8180926
2449854645 -47.0678401 -22.8213672
2449854648 -47.0645892 -22.819185
2449854657 -47.0646485 -22.8190402
2449854659 -47.0654913 -22.8131791
2449854661 -47.0659181 -22.8129327
2449854663 -47.0666665 -22.8126647
2663215459 -47.0674041 -22.8262524
2663230713 -47.0630282 -22.8213203
2663230722 -47.059637 -22.8311735
2663230724 -47.0593082 -22.8313349
2663230725 -47.0593614 -22.8309587
2663230727 -47.0595429 -22.830952
2825575095 -47.0625295 -22.8159455
2825575097 -47.0609286 -22.8154962
2825575098 -47.0579392 -22.8162966
3366287715 -47.0609754 -22.8180014
3366322622 -47.0638723 -22.818379
3366322624 -47.0640494 -22.8185054
3901900943 -47.0596393 -22.8181087
3901900946 -47.0591586 -22.8159894
3901900949 -47.0592616 -22.8159596
4118980391 -47.0630578 -22.8270347
4444895357 -47.0666215 -22.8255063
4444895361 -47.0670199 -22.8257268
4479246039 -47.0608519 -22.8331243
5187195596 -47.0620139 -22.8296064
5191743036 -47.0645132 -22.8141422
5191743041 -47.0638244 -22.8173914
5191743049 -47.0641178 -22.8181176
5191743052 -47.0637546 -22.8180123
5191743056 -47.0640754 -22.8180412
5191765730 -47.0621824 -22.8236619
5191765733 -47.0622853 -22.8234772
5191765734 -47.0623029 -22.8235099
5191765745 -47.0621095 -22.8234485
5191765766 -47.0621949 -22.823053
5191765782 -47.0628781 -22.8240802
5191777668 -47.0616564 -22.826311
5191777679 -47.0616872 -22.8265739
5191935951 -47.0605651 -22.8297
5201074742 -47.0697586 -22.8185232
5201074744 -47.0683206 -22.8165427
5202818826 -47.0615332 -22.8220803
5202818827 -47.0622347 -22.8209202
5202818828 -47.0625523 -22.8202315
5202818832 -47.0627923 -22.8189208
5202818833 -47.0634293 -22.8206581
5202963789 -47.0622721 -22.8180266
5202963790 -47.0622663 -22.8181275
5202963791 -47.0612084 -22.8180059
5202963793 -47.061206 -22.8181125
5202963796 -47.0607541 -22.8179967
5202963798 -47.0607454 -22.8181081
5208698722 -47.0659706 -22.8227372
5419178996 -47.0644114 -22.8140961
5419179001 -47.0639806 -22.8147505
5419179005 -47.0640858 -22.8148128
5419179006 -47.0639533 -22.81508
5419179010 -47.0638474 -22.8150216
5419179011 -47.0635912 -22.817021
5419179015 -47.0636993 -22.8169924
6226438952 -47.0637137 -22.8174284
7167697499 -47.0603874 -22.8334583
7182481935 -47.0603481 -22.8296505
7182481943 -47.0615277 -22.8264403
7182481954 -47.0620845 -22.8234694
7182481969 -47.062366 -22.831968
7182481976 -47.0653114 -22.8296116
7182519376 -47.0660201 -22.8255016
7742161090 -47.0650368 -22.8286126
7742161093 -47.0648267 -22.8294589
7934535212 -47.0608652 -22.81421
8236482319 -47.0608204 -22.8331809
8247125420 -47.0618073 -22.8264305
8247125431 -47.0630539 -22.824109
8247125434 -47.0639627 -22.8243731
8247552488 -47.0604213 -22.8205412
8253704567 -47.0591136 -22.8151207
8253704568 -47.0590152 -22.8151328
8272844888 -47.072638 -22.8172603
8272844889 -47.0727542 -22.8172723
8272844890 -47.0727964 -22.8168582
8441772381 -47.0594676 -22.8179584
8441772388 -47.059648 -22.81795
8441772390 -47.0596263 -22.8179334
8441772391 -47.0594581 -22.8179716
8441772392 -47.0594532 -22.8180706
8441772393 -47.0595784 -22.8181341
9009327213 -47.0593158 -22.8168999
9009327214 -47.0594397 -22.8168854
10540180325 -47.0610226 -22.8142231
860793263 5191743041 34.401
860796241 5201074742 86.867
860796270 893416720 67.695
860796270 893759857 214.76500000000001
860796300 2449854645 14.904
890465235 914072106 30.46
890465275 890465295 163.137
890465295 4444895361 49.102
893416332 2449854663 109.30000000000001
893416332 1117542140 219.76
893416335 893416570 3.6260000000000003
893416335 1117542140 165.93
893416403 3366322622 20.761
893416403 3366322624 20.582
893416414 5202963790 153.788
893416414 5191743052 38.251
893416489 893416598 8.174
893416496 893416489 151.329
893416513 893416761 60.725
893416513 893416496 227.777
893416556 893416335 14.485000000000001
893416556 893759864 137.942
893416570 893416489 23.284
893416570 8272844890 402.87300000000005
893416598 893416556 10.899000000000001
893416720 893416730 56.568
893416730 1102485351 63.994
893416761 893416496 273.83000000000004
893416761 1102452333 84.576
893416789 914072254 105.928
893416789 893759845 145.576
893416821 893759840 126.398
893416838 1102485660 58.852
893759828 5191765733 518.642
893759833 893759828 45.26800000000001
893759833 3366322624 86.074
893759839 2449854663 91.479
893759839 2449854661 32.756
893759840 893416821 126.398
893759840 5201074742 216.09199999999998
893759840 860796241 320.53499999999997
893759842 893759840 146.758
893759842 860796300 126.0
893759842 893759845 145.467
893759845 1117940568 216.658
893759845 893759848 147.353
893759845 893759842 145.467
893759848 893416838 215.61499999999998
893759848 893759851 146.036
893759848 893759845 147.353
893759851 860793263 245.88299999999998
893759851 893759854 147.513
893759851 893759848 146.03599999999997
893759854 5201074744 211.03599999999997
893759854 893759857 141.77800000000002
893759854 893759851 147.51299999999998
893759857 893759860 149.52700000000002
893759857 2449854659 243.404
893759857 893759854 141.77800000000002
893759860 893416332 175.62
893759860 893759864 145.30800000000002
893759860 893416720 213.84599999999998
893759860 893759857 149.527
893759864 893416730 214.27700000000002
893759864 893416556 137.942
893759864 893759860 145.308
893759864 1117542140 71.008
893759874 5191743052 107.13499999999999
893759883 893759884 85.839
893759883 8247552488 253.419
893759884 893759883 85.839
893759884 7182481954 47.258
893759884 5191765766 28.127000000000002
913720899 913720931 32.439
913720899 913720933 41.650000000000006
913720923 913720899 77.25799999999998
913720923 913720925 96.874
913720924 913720929 15.134
913720924 913720923 239.83300000000003
913720925 913720923 96.87400000000001
913720925 913720984 277.07899999999995
913720929 914072151 14.143
913720929 913720952 64.939
913720931 913720929 241.56300000000005
913720933 913720931 27.227999999999998
913720933 913720974 23.772
913720938 913720949 108.182
913720940 913720938 122.277
913720940 913720943 108.237
913720943 914072238 25.132
913720949 5208698722 54.164
913720950 913720949 238.95400000000004
913720950 913720943 106.68900000000001
913720952 913721032 13.887
913720952 913720950 57.167
913720955 913720971 13.317
913720955 5208698722 220.17100000000002
913720971 914072254 12.849
913720971 913720979 108.99000000000001
913720974 5208698722 12.478
913720974 913720971 220.123
913720974 913720933 23.772
913720979 913720925 209.838
913720979 2449854648 212.39999999999998
913720984 913720924 105.606
913720984 8247125431 28.234
913720992 913720938 91.964
913721008 913720992 224.04400000000004
913721016 2663215459 38.766999999999996
913721016 7182519376 204.37400000000002
913721029 913720950 24.635
913721029 913721032 56.402
913721032 914072151 64.894
913826746 913826785 83.90799999999999
913826785 913826788 14.574
913826788 2663230724 170.47
913826788 915415302 60.321999999999996
913826793 4479246039 71.32
913826793 915436265 181.71200000000002
914072106 913721016 23.65
914072106 915436312 419.11899999999997
914072148 7182519376 86.887
914072148 4444895357 44.175000000000004
914072151 8247125434 14.065
914072238 913721008 36.21
914072238 4444895357 36.137
914072254 914072257 13.33
914072257 913720955 12.264
914072257 860796300 80.449
915413497 4118980391 71.00699999999999
915413498 7742161090 88.66300000000001
915413498 915414325 84.385
915413668 915413670 4.434
915413670 915413721 37.413
915413670 1102452251 21.086
915413677 915413497 205.153
915413677 1102452145 34.479
915413721 5191935951 90.08
915413721 1102452251 36.521
915414325 913721016 257.04600000000005
915415294 7182481935 5.844
915415295 915415851 20.313
915415295 2663230727 133.312
915415302 913826793 35.251999999999995
915415849 7182481943 391.4460000000001
915415849 915415294 29.969000000000005
915415851 915415849 11.241
915436255 915436256 377.493
915436255 915436260 30.898
915436256 915436299 15.756999999999998
915436260 7182481969 8.383
915436265 915436276 9.036999999999999
915436276 915413668 239.969
915436276 915436255 24.862000000000002
915436293 915415295 33.643
915436294 915413498 58.929
915436294 915436312 31.617
915436299 915436294 16.901
915436312 7182481976 16.1
1102452145 5187195596 23.285
1102452145 1102452271 23.134999999999998
1102452161 5419179006 19.016
1102452161 893759854 264.53
1102452162 893416300 54.086
1102452251 915413677 33.961999999999996
1102452271 5187195596 30.043
1102452271 7742161093 258.694
1102452331 1102452162 30.709000000000003
1102452331 5191743036 54.102000000000004
1102452333 860796241 162.43300000000002
1102485351 1102452333 179.57999999999998
1102485351 893416598 213.73899999999998
1102485452 893759842 215.38
1102485452 1117940568 59.74400000000001
1102485660 5201074744 62.136
1102485660 893759851 214.398
1117542140 893416335 165.93
1117542140 893416332 219.76000000000002
1117542140 893759864 71.008
1117940568 893416838 64.997
1117940568 893759845 216.658
2449854645 913720955 82.65700000000001
2449854648 893759833 8.434
2449854648 2449854657 18.846
2449854657 893416789 219.64400000000003
2449854657 893759848 192.943
2449854659 1102452331 93.654
2449854659 893759857 243.404
2449854661 2449854659 51.691
2449854663 893416332 109.30000000000001
2449854663 2449854661 82.306
2663215459 914072148 80.212
2663215459 890465235 41.782000000000004
2663230713 5202818833 84.332
2663230713 5202818827 92.7
2663230722 2663230724 46.038
2663230722 915415302 160.96499999999997
2663230724 2663230725 44.872
2663230725 915415851 148.594
2663230725 2663230727 19.741
2663230727 2663230722 26.45
2825575095 893759874 234.136
2825575095 2825575097 177.421
2825575097 3901900949 178.45999999999998
2825575097 2825575095 177.421
2825575097 10540180325 141.893
2825575097 3366287715 278.729
2825575098 3901900946 129.583
3366287715 5202963791 23.886
3366287715 2825575097 278.729
3366322622 893416414 15.336
3366322624 3366322622 22.957
3366322624 893759828 79.527
3901900943 8441772393 6.9350000000000005
3901900946 3901900949 11.065
3901900946 2825575098 129.583
3901900946 8253704568 96.37700000000001
3901900949 3901900946 11.065
3901900949 2825575097 178.46
3901900949 9009327214 104.55799999999999
4118980391 913721029 367.087
4118980391 915414325 362.968
4444895357 913721008 25.241
4444895357 4444895361 52.466
4444895361 890465235 97.14000000000001
4479246039 8236482319 7.073
5187195596 915413668 17.039
5191743036 5419179005 86.566
5191743041 5191743056 76.732
5191743041 6226438952 13.704
5191743049 2449854657 116.15199999999999
5191743049 893416403 24.369000000000003
5191743052 6226438952 66.957
5191743052 5191743056 36.528999999999996
5191743056 5191743049 9.542
5191765730 7182481954 29.538999999999998
5191765733 5191765734 4.059
5191765734 913720984 89.733
5191765734 5191765730 24.222
5191765745 5191765766 45.252
5191765745 5191765733 20.215
5191765766 2663230713 212.351
5191765782 5191765730 90.40700000000001
5191777668 5191765782 284.144
5191777668 8247125420 21.262999999999998
5191777679 915415294 372.432
5191777679 7182481943 23.794999999999998
5191935951 915413721 90.08
5191935951 915436293 21.258
5201074742 1102485452 65.177
5201074742 893759840 216.09199999999998
5201074744 860796270 60.352000000000004
5202818826 5202818827 147.68
5202818826 8247552488 223.914
5202818826 893759883 34.312
5202818827 5202818828 83.211
5202818827 5202818826 147.68
5202818827 2663230713 92.7
5202818828 5202818827 83.211
5202818828 5202818832 149.861
5202818828 5202818833 101.634
5202818832 5202818828 149.861
5202818833 3366322622 269.21299999999997
5202818833 5202818828 101.634
5202963789 893759874 45.117
5202963789 5202963790 11.235
5202963790 5202963793 108.686
5202963790 5202963789 11.235
5202963791 5202963789 109.05799999999999
5202963791 5202963793 15.689
5202963793 5202963798 47.211
5202963796 3366287715 22.688
5202963798 3901900943 113.58399999999999
5202963798 5202963796 14.975999999999999
5208698722 913720974 12.478
5208698722 913720952 240.29200000000003
5419178996 1102452162 51.021
5419178996 5191743036 14.078999999999999
5419179001 5419178996 85.155
5419179001 5419179005 15.786999999999999
5419179005 1102452161 13.664
5419179006 5419179015 217.471
5419179006 5419179010 15.186
5419179010 5419179001 33.114000000000004
5419179011 5419179010 227.343
5419179011 5419179015 12.081
5419179015 860793263 11.838
6226438952 5419179011 47.071
7167697499 913826746 15.926
7182481935 915436293 11.521
7182481935 5191935951 22.91
7182481943 5191777668 20.172
7182481954 5191765745 3.459
7182481954 893759884 47.258
7182481969 4479246039 206.321
7182481969 915436265 33.873999999999995
7182481976 915436260 395.8510000000001
7182481976 915436256 33.527
7182519376 913721029 114.405
7742161090 915413497 257.50300000000004
7742161090 7742161093 99.739
7742161093 915436299 29.712000000000003
7934535212 10540180325 16.198
8236482319 7167697499 56.602000000000004
8247125420 5191777679 21.182000000000002
8247125431 8247125420 290.893
8247125431 5191765782 18.813000000000002
8247125434 913720924 13.273
8247125434 8247125431 99.428
8247552488 893759883 253.41899999999998
8247552488 8441772393 281.64200000000005
8247552488 5202818826 223.914
8253704567 8253704568 10.175
8253704567 3901900949 94.51599999999999
8253704568 8253704567 10.175
8272844888 893416513 42.788
8272844888 8272844889 11.99
8272844889 8272844888 11.99
8272844890 8272844889 46.248999999999995
8272844890 893416513 12.299
8441772381 9009327213 119.202
8441772381 8441772390 18.057000000000002
8441772388 5202963796 113.586
8441772388 3901900943 19.706
8441772390 8441772388 2.896
8441772391 8441772381 1.761
8441772392 8441772391 11.409
8441772392 8441772391 243.63599999999997
8441772393 8247552488 281.642
8441772393 8441772392 15.669999999999998
9009327213 9009327214 12.801
9009327213 3901900946 102.51700000000001
9009327214 9009327213 12.801
9009327214 8441772390 118.25699999999999
10540180325 7934535212 16.198
10540180325 2825575097 141.893
